1000 92051
54 95 189
22 2 31
55 37 46
60 70 151
52 90 145
47 16 92
31 95 159
30 97 128
35 74 117
28 86 180
50 92 180
45 65 155
74 20 98
83 79 126
16 83 172
24 29 33
52 11 62
16 40 87
99 75 147
94 54 112
89 3 52
29 99 164
19 25 109
50 59 74
97 27 124
86 50 127
43 53 140
94 20 98
41 18 70
14 63 120
24 51 63
25 80 90
90 50 136
27 99 144
94 48 119
43 85 157
72 79 103
11 72 167
89 65 129
94 30 56
51 53 130
63 77 133
26 18 75
12 96 104
9 41 96
32 83 174
4 6 76
80 16 109
75 57 114
39 50 136
18 52 142
95 67 85
3 92 128
60 3 86
20 64 88
27 95 153
19 51 115
41 30 61
34 57 144
44 47 135
82 64 156
73 10 68
91 12 13
79 24 79
63 43 61
39 70 83
97 40 103
13 32 76
45 17 69
84 60 159
25 42 56
17 66 142
27 8 47
28 87 101
83 1 10
2 91 121
15 87 156
30 52 104
74 48 116
27 31 59
78 7 28
44 75 161
20 1 94
12 80 111
26 63 146
35 16 89
65 82 94
86 11 74
38 36 46
7 62 154
87 91 190
60 35 60
98 6 84
43 17 74
75 43 114
58 29 67
84 94 113
96 31 112
59 69 86
21 27 57
13 65 138
64 24 31
90 21 33
68 63 144
77 89 112
49 47 50
39 82 178
59 77 156
92 35 82
61 7 32
44 19 108
17 35 47
24 76 160
88 95 141
69 71 106
44 71 104
100 10 24
96 20 62
75 63 139
74 24 58
51 67 119
40 83 121
4 58 71
88 97 104
35 18 96
22 13 13
7 12 21
21 60 140
63 86 129
91 60 78
25 62 146
29 2 20
68 57 132
81 45 68
89 31 71
19 4 57
19 10 74
81 82 105
13 96 105
8 38 58
26 14 95
10 42 76
80 61 104
7 94 181
31 34 103
71 52 76
76 22 55
41 54 120
16 19 80
25 26 124
97 52 63
31 13 17
65 93 158
8 99 157
47 81 124
68 52 98
92 79 146
77 19 92
43 87 178
4 63 131
54 60 79
17 90 122
22 6 82
39 66 140
49 12 19
92 32 42
38 23 111
57 52 59
30 94 139
73 50 57
42 55 121
13 72 79
97 93 106
73 31 109
100 79 120
7 22 94
17 59 106
5 15 113
64 97 140
9 21 65
69 14 113
35 27 49
95 75 141
8 48 96
38 47 125
79 5 104
52 21 78
51 77 100
49 93 164
44 1 93
41 69 74
92 56 139
14 50 108
80 9 66
28 46 101
6 24 83
57 27 58
66 77 84
89 77 176
61 21 73
5 13 85
62 4 83
98 69 97
56 48 84
65 27 60
20 84 141
79 40 123
62 57 69
69 45 133
21 57 117
25 61 133
97 75 102
77 72 167
57 79 121
46 43 63
79 62 117
88 92 138
24 53 55
36 73 172
24 45 100
37 69 137
61 18 60
89 94 159
84 2 45
79 47 132
51 78 176
7 65 106
5 88 133
8 75 144
7 51 65
14 87 169
34 47 146
76 87 131
41 71 169
36 1 97
73 51 124
23 9 99
64 14 43
61 73 77
31 31 85
45 44 84
79 30 68
31 5 30
27 98 145
25 85 184
22 58 107
47 80 138
37 96 119
19 56 151
23 86 163
77 82 154
69 61 62
59 43 101
36 69 124
35 94 185
34 67 115
84 65 145
94 54 129
69 72 154
16 94 114
93 22 23
65 42 55
67 100 155
25 88 164
32 22 43
23 56 143
24 39 90
4 84 88
31 52 79
13 67 139
33 59 152
87 75 109
52 41 127
60 17 90
36 100 194
57 23 24
96 46 85
99 1 75
56 31 108
83 43 86
56 28 81
1 66 94
88 17 37
74 76 165
99 11 99
45 19 29
47 66 73
38 65 124
13 20 109
42 54 138
86 61 124
91 62 90
71 49 93
44 74 146
33 24 58
21 68 73
84 66 136
43 4 38
3 68 73
44 9 20
80 46 117
43 89 173
23 59 143
20 54 111
92 86 166
78 59 59
83 42 59
54 36 56
40 38 77
98 34 34
9 13 110
32 8 93
17 82 178
1 1 2
11 44 131
43 22 67
43 56 94
61 9 82
33 1 64
25 98 194
25 58 118
74 89 108
12 57 58
8 58 111
9 20 117
48 62 132
45 57 82
35 69 155
61 53 139
24 77 160
72 53 145
84 27 107
4 38 75
5 97 143
58 57 74
7 5 83
77 1 35
55 36 90
41 96 103
27 71 154
62 94 182
54 77 91
86 80 83
75 36 87
73 94 101
90 52 115
69 29 93
55 35 86
10 75 173
69 53 121
4 66 127
92 19 108
58 56 125
61 31 87
12 3 4
72 93 146
35 13 46
51 19 86
2 28 121
100 48 93
20 52 62
33 43 123
23 1 36
92 13 30
100 77 97
2 48 112
55 34 62
88 85 131
7 38 64
100 38 111
45 57 81
7 90 157
87 12 31
74 55 138
92 54 113
64 55 113
80 61 153
8 100 128
54 6 71
80 5 7
54 1 12
30 7 59
49 45 60
68 19 40
52 10 36
63 25 58
22 4 97
66 11 104
94 64 114
11 96 151
14 1 8
77 30 44
29 79 137
96 98 174
17 1 38
43 64 125
76 37 101
70 54 80
15 47 89
65 57 94
72 22 59
80 50 68
46 30 126
4 25 119
33 41 135
22 84 93
36 11 56
52 32 130
79 46 142
21 63 68
10 86 164
47 17 45
17 62 119
14 18 100
60 2 76
6 23 32
16 58 78
13 10 13
12 40 89
60 60 123
65 69 117
96 67 132
24 83 161
33 48 143
15 7 55
42 13 84
51 80 160
23 92 133
27 55 135
28 15 106
43 31 42
43 26 55
60 1 13
39 34 45
86 100 118
35 41 123
58 44 105
38 18 70
32 44 103
64 23 96
56 65 120
19 60 141
49 19 100
13 9 75
24 95 161
94 29 87
76 86 87
89 75 94
94 6 20
53 22 111
78 29 34
33 47 111
14 47 130
48 59 150
14 83 120
32 28 93
91 4 6
92 44 73
63 37 71
78 41 48
19 18 53
24 51 133
89 16 44
24 15 54
67 81 154
5 12 12
22 54 109
25 46 97
54 60 147
40 89 169
48 7 104
35 31 78
17 71 86
98 94 123
89 60 121
62 16 89
14 38 64
22 14 37
73 19 54
12 10 33
92 57 87
90 44 56
89 60 142
4 9 84
86 49 135
47 62 64
72 76 167
51 49 53
26 21 95
61 32 115
37 24 116
67 65 100
31 53 99
13 9 16
40 46 101
78 44 61
32 16 60
23 18 110
79 43 55
5 56 151
89 92 162
81 10 44
16 40 79
14 4 103
21 43 87
77 72 159
94 4 58
90 78 101
82 9 75
46 13 86
41 1 65
64 33 106
50 100 164
89 14 81
40 34 95
84 10 42
24 55 90
30 44 109
54 25 98
72 22 107
45 63 101
9 78 148
34 27 49
98 16 51
17 55 123
78 91 121
10 66 150
98 95 175
63 100 156
88 71 149
25 15 107
63 75 144
86 60 155
8 9 71
43 25 94
63 2 13
93 64 140
30 61 83
62 23 97
18 62 106
48 86 97
40 49 86
61 86 183
9 45 102
23 39 121
44 1 84
55 46 92
83 27 85
58 88 120
32 57 150
76 5 84
39 96 175
77 57 121
26 17 25
83 39 85
17 83 181
53 89 132
99 72 141
10 29 37
42 60 125
88 87 156
67 26 90
46 54 126
62 31 71
22 65 96
68 82 95
18 34 87
62 84 108
83 93 97
44 87 102
9 74 76
30 92 171
46 37 121
71 50 116
11 71 101
42 90 153
7 7 103
61 20 52
37 55 131
94 50 112
9 58 145
11 39 117
42 84 150
26 54 69
92 17 54
75 10 36
38 17 102
87 29 85
19 17 27
95 10 69
58 19 87
45 81 87
76 23 65
42 100 147
58 44 107
95 70 95
74 7 48
59 93 114
15 11 48
78 58 157
89 15 32
58 11 60
16 86 157
58 28 51
58 37 55
73 31 118
98 56 149
39 14 52
12 81 81
50 58 115
1 46 69
18 55 141
67 71 142
91 80 130
66 37 75
84 10 31
71 7 83
16 98 188
6 61 83
59 62 141
16 62 138
40 79 110
78 98 99
1 88 120
52 5 74
90 88 118
11 10 46
88 77 162
30 35 81
52 93 152
83 8 29
59 99 198
90 76 124
43 77 164
76 80 171
97 21 51
27 84 123
15 23 91
53 4 6
99 55 101
58 89 142
31 47 51
83 89 120
31 83 142
19 58 96
62 6 17
93 32 126
84 47 63
4 51 70
58 1 26
4 10 23
58 41 52
14 23 122
45 53 135
5 23 114
95 85 134
6 29 109
52 12 90
20 16 44
91 73 101
16 77 115
81 86 116
93 51 103
44 47 51
78 51 130
22 98 161
71 55 146
3 59 113
82 78 147
62 69 163
43 84 106
33 17 76
63 9 18
67 4 59
71 82 140
2 3 10
65 73 134
8 75 146
63 8 57
84 22 39
30 16 68
4 48 116
63 62 90
24 28 60
80 50 63
90 52 119
97 68 159
10 76 93
82 90 115
83 25 123
100 7 20
4 10 22
25 25 98
53 48 48
37 79 128
2 68 120
69 64 84
60 26 73
78 59 147
55 41 105
5 40 110
18 95 127
30 19 75
3 24 27
55 12 94
56 14 15
9 34 51
81 94 136
28 23 23
16 29 121
32 33 116
3 2 79
87 31 79
43 85 156
98 91 173
32 46 93
34 54 135
3 34 60
45 13 61
97 80 108
89 12 24
72 66 79
1 52 147
49 46 77
72 95 116
55 27 93
54 12 84
35 14 71
61 10 80
61 58 107
41 98 158
53 69 146
18 21 49
13 70 143
44 41 61
17 47 93
84 1 10
8 35 109
65 48 83
35 8 100
37 49 90
97 1 62
27 19 100
55 83 133
81 79 122
1 95 184
99 30 119
60 37 113
86 2 25
21 36 66
65 72 102
6 21 104
67 47 100
48 53 88
51 85 150
94 85 145
35 35 76
25 94 172
53 79 158
76 51 117
58 15 105
89 72 134
24 90 150
77 90 102
64 40 137
30 85 118
42 71 139
83 47 60
61 99 143
92 26 120
11 84 145
1 24 108
15 47 121
75 23 86
39 86 140
36 67 157
22 8 68
90 91 98
55 3 8
99 47 78
94 57 123
7 9 98
91 23 110
65 49 58
80 87 133
86 23 36
76 44 64
89 85 147
96 39 56
53 90 153
36 83 154
2 41 120
43 31 84
30 48 49
91 79 118
38 65 78
3 40 48
75 28 120
38 75 158
7 28 100
70 15 21
93 17 63
72 11 39
77 41 68
30 31 37
69 20 90
35 22 83
43 97 138
88 86 101
71 92 186
95 13 22
1 5 82
99 28 115
79 4 83
59 85 147
65 5 38
87 39 94
48 82 85
41 69 109
9 91 122
3 85 128
64 37 84
93 87 113
33 17 98
12 75 140
26 39 60
60 25 85
67 25 118
70 17 78
10 25 28
93 28 115
88 43 118
87 36 97
13 68 145
94 31 35
11 57 99
32 16 35
92 34 129
85 55 66
98 16 52
1 8 23
40 95 152
67 81 125
28 45 56
58 38 80
62 48 98
56 79 96
27 23 73
22 7 11
34 57 76
70 9 87
37 49 121
94 15 19
39 95 143
2 4 89
96 17 101
46 24 86
63 51 135
13 72 115
69 57 108
88 78 137
66 14 73
90 60 86
46 50 70
94 51 126
31 47 90
15 44 110
30 59 75
66 71 111
61 92 188
12 31 105
24 97 184
83 38 84
9 84 179
81 29 127
8 60 156
51 26 65
18 7 104
86 73 93
26 33 96
23 97 190
49 20 61
36 2 81
35 63 77
82 43 85
32 51 104
28 1 80
20 70 155
17 56 65
89 33 127
52 7 97
46 55 64
87 43 105
18 29 53
32 10 29
27 42 111
80 21 42
11 40 131
49 9 107
58 97 127
52 1 90
94 98 141
3 36 121
18 6 19
94 89 164
13 15 83
82 95 183
56 57 85
99 5 41
49 15 99
31 66 102
20 12 97
64 66 87
1 83 161
67 77 143
94 41 122
62 75 102
2 30 113
30 28 68
18 28 82
55 58 129
91 78 112
77 93 93
50 93 175
80 11 21
46 4 55
27 17 42
6 19 25
42 48 133
82 18 30
88 72 141
11 14 112
46 42 132
46 43 78
80 22 67
43 68 69
94 46 63
71 4 91
77 45 132
62 78 82
74 17 44
95 79 119
94 24 106
84 21 97
71 53 151
69 95 112
70 40 54
39 10 27
79 38 51
66 99 189
70 24 82
49 18 55
89 11 23
23 47 132
52 17 54
50 85 168
19 6 28
33 97 180
3 75 95
16 92 162
59 13 106
17 61 71
6 1 74
19 24 43
56 75 162
45 76 100
28 94 175
2 78 155
37 80 83
57 96 190
79 54 60
72 22 40
34 28 47
7 98 192
78 53 73
66 97 192
90 76 116
23 77 94
1 13 62
56 21 65
3 99 148
61 22 92
80 55 104
99 14 60
93 91 141
13 8 54
60 49 122
52 72 121
69 24 37
18 79 164
14 81 116
63 42 50
86 73 136
35 71 99
34 15 33
84 79 105
31 38 112
56 89 134
58 9 29
23 79 178
