6839 1901
1 1061 1191 30
1 759 6377 2
3 2745 6501
2 281 962 60
2 2859 3604 33
3 3368 5787
1 1146 6552 40
3 3754 5687
3 4396 5657
3 1516 4740
1 3428 5668 60
3 6320 6719
1 4311 5898 18
3 2308 4444
3 873 4063
3 2055 6362
1 224 4616 39
2 4631 4770 27
3 152 6135
3 2342 4491
2 3771 6015 49
1 395 4489 26
2 1591 2236 11
1 1240 5209 32
1 506 1664 24
1 2898 6174 29
2 5656 5976 28
2 2618 6421 54
3 3681 4306
2 1135 3009 30
3 93 5433
2 2875 3177 45
1 3008 6768 32
1 464 5036 11
3 4274 4898
2 211 3466 26
2 220 3596 52
2 131 5168 26
2 3426 6038 40
1 1862 2035 18
3 1455 2194
2 3983 6280 35
2 6158 6835 4
3 3378 3499
1 1956 2575 38
2 6040 6113 56
1 1873 6598 58
3 1484 6571
1 1330 5692 14
2 5911 6708 6
1 917 2858 7
3 3282 4433
2 21 4612 15
3 18 4805
1 1046 4593 9
3 1712 5998
3 2779 2964
3 1788 6246
2 1018 5096 6
2 2562 5073 18
3 1801 3506
1 655 3792 18
1 3605 6550 8
3 1982 4983
3 4669 4889
2 2395 6293 25
2 2694 6684 15
2 3534 5079 45
2 344 3591 13
3 2297 2329
3 3419 3426
2 2813 3740 17
2 4553 5136 23
3 1470 2583
2 1433 3164 11
1 4974 5427 56
3 303 3743
1 2079 4376 26
3 210 3796
3 1805 3341
1 2458 2566 49
3 1795 5972
1 206 1280 27
1 1120 6309 16
2 2778 4752 3
3 5057 6723
2 1018 4731 59
1 1943 4901 1
1 1124 1208 23
1 4441 6339 29
3 2529 6170
3 1193 4909
1 2148 2208 43
2 3774 5289 18
2 6 1969 7
2 5470 5854 33
1 3353 6215 9
3 1156 6563
2 707 2579 18
3 520 6632
1 741 5694 26
1 3019 5596 41
2 3040 5493 40
3 1229 5714
3 3552 3839
1 2907 4601 53
3 2273 2986
3 1015 1263
1 1762 6112 41
2 3007 3713 31
3 1809 5578
2 658 1578 41
2 2629 3639 36
2 4244 5373 55
2 2692 3501 45
2 1508 5693 39
3 2221 4879
2 2847 3297 48
2 595 3161 46
1 2362 2937 55
2 2618 2868 1
3 4414 5436
1 1016 6207 56
1 5496 6133 28
1 1683 1775 31
1 861 1895 7
1 3768 6224 13
2 953 5587 27
3 947 2320
2 2060 5524 37
3 2142 4825
3 3651 5555
3 679 4293
2 4144 4211 2
1 153 1313 29
1 922 2037 41
1 4171 6300 43
3 841 1826
3 2967 5884
2 5216 6052 17
1 756 3344 3
2 2455 4533 58
3 1090 2542
1 849 5796 42
3 492 1938
1 4665 6154 47
1 115 5961 40
3 4798 5920
1 1325 2305 4
2 1888 5937 34
1 661 1053 60
2 623 2729 2
3 146 2552
1 993 6251 59
2 335 3948 39
2 4890 6169 58
3 272 2468
2 381 5893 45
1 3613 3766 4
3 2791 3155
1 1854 5923 13
3 3294 5099
3 1737 1949
1 2894 3350 15
2 4803 5013 4
1 1243 5375 41
3 2030 4415
2 509 5864 5
3 22 4301
3 860 1765
3 1690 2381
1 947 3507 52
3 829 1717
2 2768 3580 2
2 828 6256 21
3 4718 6209
1 1266 4031 3
1 2140 2232 28
3 4174 4723
1 2529 5125 20
3 4941 6699
3 1025 6283
1 149 4710 40
3 1788 3313
1 2938 5683 22
1 1995 3546 32
1 2412 3235 15
1 649 3242 18
2 4976 5133 4
1 620 2500 6
3 1291 4299
1 4129 4874 36
2 1512 6607 26
3 814 4043
1 693 5534 21
2 2174 4911 23
1 4670 6658 41
1 4142 5446 35
1 95 1517 20
1 124 2473 54
3 2615 4470
2 1454 5077 8
2 1999 2176 4
3 4396 4862
3 1496 2629
3 567 1613
3 3754 3931
1 3001 6353 9
1 3672 4186 5
1 1371 4120 2
2 3371 6091 37
1 2032 4547 54
2 1711 6637 6
1 1645 4979 9
1 2341 6578 2
1 1036 6555 60
2 2429 4321 54
1 2738 4936 4
2 1306 6112 21
3 1312 6276
3 622 1066
2 287 5455 49
1 3404 3725 52
3 894 6341
3 4179 5219
2 834 2287 59
3 5538 6429
3 5111 5392
2 2213 6738 57
1 1847 5375 5
2 2056 2337 31
2 3021 6631 33
1 510 3530 11
3 2748 2987
3 5204 5385
2 1677 3804 56
1 3021 6804 53
1 3819 4456 57
1 598 1513 42
2 684 6471 38
3 6316 6498
1 4639 6438 58
1 819 6456 41
2 5837 6445 45
3 5585 5986
1 2560 5889 48
3 2668 6320
3 1039 4037
3 4121 5669
3 4319 6043
1 2247 6675 13
1 3297 6780 29
3 161 1670
2 2217 5685 36
3 154 3602
1 1870 6235 36
3 2032 5313
3 1024 2525
1 4226 6374 18
2 2464 2989 35
2 5814 6366 43
3 216 4481
3 4724 5548
1 3623 5869 7
1 4476 5921 49
1 5089 6408 14
1 13 412 55
3 1669 6073
1 1050 4789 16
3 2820 6718
1 2216 6331 58
2 1379 4942 25
3 4159 5676
2 2806 2971 15
2 3223 4361 38
1 433 2602 36
1 2304 6551 42
2 178 3153 46
2 1745 4176 51
2 205 2716 27
3 689 3747
3 1243 2156
1 512 4006 4
1 1044 4486 3
2 5066 6255 56
1 2404 4170 52
2 4994 5255 56
3 3238 3352
3 1189 6094
1 113 6231 5
3 106 6055
2 3833 5855 5
1 716 5244 54
3 5498 6395
3 2923 3394
1 1841 2538 55
2 353 1585 7
2 232 3053 12
2 1369 2235 53
3 4145 6148
1 892 5685 17
3 5468 6643
1 2519 3263 44
2 564 2608 49
1 3740 5725 60
1 801 4633 15
1 954 2429 9
1 844 1881 49
2 1806 6746 32
3 1310 5879
1 1728 6292 13
2 3248 4861 39
1 1456 1935 26
2 2946 4431 33
2 2127 4807 35
3 3343 4880
1 4124 6113 28
1 5694 6810 25
1 2112 6348 33
2 472 5028 59
2 2697 4830 13
3 955 6731
2 2141 6510 36
2 705 4933 39
1 3753 4663 30
1 1009 1144 37
1 4102 6522 54
2 6103 6323 4
2 353 4838 58
2 2190 2547 54
2 2052 4263 29
1 1759 2982 12
3 1288 4399
2 1584 5320 41
3 626 1948
3 2612 3800
1 1428 3666 5
2 1188 5353 46
1 5649 6724 12
3 3563 3764
3 3028 5209
3 3412 4649
2 2810 3451 36
3 4451 4656
2 4257 6176 40
1 1014 4490 60
1 739 4183 12
1 1565 2774 60
3 5564 5782
3 1162 5691
2 2185 3229 53
3 2539 5343
1 625 2945 10
1 2177 3830 52
1 2641 5088 55
2 521 2337 45
1 919 1622 38
2 3109 4919 55
1 3147 4923 44
3 521 3489
2 761 1758 4
1 2766 3406 19
1 4109 5479 55
2 3219 6081 46
3 1433 1939
2 941 6526 35
2 3000 5146 36
1 408 951 58
1 92 3067 33
3 640 5145
2 5677 6072 39
3 1783 2390
3 1167 4019
2 3114 5546 12
1 13 68 39
3 3360 5757
3 876 1265
1 1064 5454 21
1 4185 5812 27
2 422 1904 60
3 3822 3943
1 1275 6399 22
3 1111 6614
2 883 6294 55
1 3592 5351 46
1 794 5855 18
3 1487 4775
1 2163 5064 7
2 1866 5765 7
2 3594 5575 11
2 376 4710 42
1 5183 5920 60
1 4617 5694 33
3 2148 4676
1 484 5061 9
2 927 3075 10
1 1861 4397 11
1 3798 6089 15
1 79 1285 24
1 184 453 12
3 3220 5516
3 403 5687
3 2197 6107
1 4037 6394 9
2 4042 5279 13
3 2997 3293
2 2898 5165 29
3 3689 4573
3 680 2064
3 2065 5646
3 502 3798
3 1481 3528
3 2266 3313
3 4773 6224
2 6195 6610 16
1 1750 6603 15
3 387 1822
3 584 5205
2 2423 3471 7
2 2108 3923 11
1 551 6013 44
3 992 3641
3 2775 3481
2 804 5679 4
1 575 1155 25
2 2617 3568 40
2 2027 2170 15
1 3051 3831 35
1 1797 5610 23
1 3639 6030 19
3 708 4394
2 86 3367 1
3 3252 5537
1 2551 3485 56
1 4114 5445 20
2 6389 6730 30
1 926 2674 43
2 5152 5782 56
3 382 4221
1 1815 5800 22
2 1178 5318 34
1 1927 3404 43
3 3284 6077
2 1744 6580 6
3 1586 3600
2 3731 5157 57
3 2447 4985
3 810 883
1 1281 4312 51
1 3574 4252 44
1 800 2948 23
1 1702 4369 14
2 2209 4347 14
2 587 4436 6
1 1231 3730 9
1 2974 3878 14
1 3677 5190 25
3 1754 4694
1 3129 4788 2
2 628 1036 16
3 344 5209
1 953 5582 56
2 421 5488 57
3 1252 5640
3 4172 4457
1 2911 4015 17
1 2508 6643 11
1 2962 6828 5
2 3986 5892 48
2 820 4453 48
3 3912 4697
2 4779 4936 47
2 1350 4544 20
3 2493 3510
2 1525 6311 22
2 2740 4657 26
3 725 4506
1 335 2013 26
2 159 3293 29
1 4966 5814 16
3 1451 5412
2 1337 4585 16
1 2922 6141 57
2 1370 4300 56
2 1983 3680 23
3 2289 5857
3 2797 5969
3 4037 6032
1 2309 4083 52
3 4721 4821
1 2287 2505 13
1 2554 5366 41
1 4880 6229 56
3 478 6037
1 1727 3625 12
2 950 1668 4
2 3593 3862 28
1 3928 5584 55
2 560 5098 1
2 1866 4724 33
3 841 1470
1 1516 2060 49
2 2464 6737 7
2 3073 5211 11
3 1952 2909
3 283 4583
2 938 5034 45
2 1985 6744 13
3 9 1089
3 1481 5521
2 1712 2470 45
1 2284 3807 11
3 2854 6320
1 2757 5396 34
3 4466 5614
2 1965 2902 4
1 708 5088 41
1 1831 5656 9
1 2449 3597 59
3 695 3924
1 3108 6222 5
3 1289 4371
3 2863 5603
2 3112 6624 52
3 1122 4573
1 5954 6224 10
1 75 2042 26
3 4183 4535
3 5221 5827
1 1909 2396 41
2 4430 5923 11
2 185 5542 3
2 736 2980 15
3 2891 6568
2 3174 5375 4
3 970 3341
3 4145 5860
3 4174 6124
3 2037 2275
2 935 6080 33
1 1913 4646 31
3 5182 5253
1 3628 5823 33
1 3454 6144 2
1 3117 5332 10
2 4281 5864 22
2 4011 5494 4
1 5562 6351 11
3 273 1463
3 1948 2012
1 3930 4709 7
1 425 2274 22
1 1530 4558 49
2 1051 6037 29
3 650 1086
3 649 2277
1 100 3730 38
1 1507 2434 21
3 5288 6745
2 1213 5475 14
3 1487 3939
3 2254 6026
3 2554 4078
3 1615 3970
3 392 1006
3 2372 5542
1 630 653 24
1 263 5289 54
3 3201 6052
3 1293 6360
2 14 755 13
3 5165 5417
3 3424 3933
1 300 1919 33
2 4983 5058 21
3 182 923
3 2769 5827
2 1704 1819 4
3 3893 5475
3 1799 2810
1 286 3015 49
2 642 1725 54
2 1021 4189 55
2 3652 5514 41
1 2131 3741 47
1 828 3314 31
3 309 3588
2 1666 6743 10
2 1393 3588 9
2 2029 2838 6
3 3266 3319
2 3808 6379 29
3 955 2602
1 1665 3858 5
2 3216 6256 52
2 2714 4132 3
1 1917 6437 43
1 633 2286 27
2 3992 5961 41
3 1469 2946
2 1555 4317 33
2 189 6434 59
1 3155 5057 51
2 6374 6834 11
2 559 6736 32
3 5685 6824
3 4341 5238
2 4737 4861 5
2 257 4936 5
3 5979 6571
2 2444 6775 38
3 2603 6532
2 130 5646 43
1 1654 5562 32
2 1163 3089 32
3 4233 5644
2 612 1815 29
2 517 4587 52
3 1187 1812
1 215 2547 4
1 2308 4014 7
1 176 1488 58
2 3233 6096 14
2 2331 6350 39
2 1116 4956 2
1 1672 2264 52
1 2860 4851 23
1 2546 2961 30
2 3047 6658 24
2 520 5777 46
3 5700 6571
1 1822 2127 25
3 46 5641
2 159 4793 39
1 598 6558 55
3 455 1704
3 83 2415
3 2056 2581
2 3024 3821 10
3 2082 5600
2 3455 5420 39
3 1421 3607
1 3215 5003 40
1 3396 6469 15
1 6365 6620 22
3 4163 4756
1 685 1443 23
1 2573 2821 49
2 3163 3974 28
1 1512 2454 12
3 1184 4523
1 2766 6769 48
1 4083 4827 29
2 4565 4861 47
1 2851 5179 39
1 2260 5231 18
2 3429 4791 38
2 1238 3332 21
3 5391 6803
3 3871 6222
3 5142 6273
3 3480 5749
3 2330 2390
3 4985 6067
1 1360 6436 32
3 1150 5716
2 1261 1375 10
2 342 4807 57
2 4315 4748 10
2 881 6757 52
2 1344 3888 32
2 2426 6052 39
1 889 6544 39
2 2909 4801 40
1 788 2453 52
3 1524 5921
3 1834 4639
1 3498 5047 2
3 1915 2672
3 433 1196
2 527 3643 54
2 4703 5126 6
3 6135 6401
1 1873 3260 58
2 1871 2301 19
3 538 737
3 6107 6236
1 1395 3784 50
2 72 3506 31
2 1666 2559 47
2 3676 5048 23
3 800 3023
1 2857 5414 36
3 2118 3869
3 58 3743
1 2208 5168 39
2 876 3560 53
2 388 3515 30
3 56 1804
3 9 329
3 2262 2733
1 1511 3064 13
3 3178 6759
1 698 2218 20
2 2644 3674 6
2 1125 4004 13
2 4102 5080 52
3 1297 1969
3 2664 5893
2 282 6265 16
3 2616 3156
1 3458 6533 1
1 1057 3501 53
1 2923 4728 46
2 3165 6648 22
2 4229 5853 2
1 5435 5835 41
2 4995 6627 44
3 2538 3890
3 3867 4027
3 26 3220
2 4023 5641 54
2 118 2521 22
3 2388 6830
1 1470 6266 37
3 208 6372
1 2432 5268 6
3 3367 5147
2 4116 4564 16
1 1664 6526 36
2 4482 4674 35
1 1052 1839 36
3 4692 6082
2 297 3765 58
2 3040 5903 51
2 1740 3560 15
3 4442 4466
1 1382 3767 44
2 1419 4869 54
1 3725 5528 4
2 2242 2270 47
1 1698 1861 11
1 3411 6675 1
3 898 1404
2 798 2910 59
2 3690 4591 52
1 1140 5046 17
3 5174 5531
1 4404 4624 30
1 2339 2467 51
3 2263 3163
3 2995 5928
2 2404 3649 10
3 1557 6007
2 4380 5257 51
3 4577 5721
3 1358 5723
3 956 2412
2 1265 5490 2
1 4960 6186 37
3 968 5921
2 2807 4752 27
3 2355 3151
2 939 2124 59
3 2493 4361
3 331 4954
1 532 2803 26
2 2440 5456 10
3 4311 4935
2 3292 4420 29
3 6104 6554
3 3692 6611
3 1731 6062
2 3723 6394 32
3 307 1145
1 1227 4954 58
1 2995 3894 38
3 2076 6750
3 1372 4200
2 865 2215 24
2 1132 4548 42
2 1438 6125 10
3 3095 5159
3 642 5776
3 1490 3107
3 2017 3052
2 573 4098 12
1 3845 5466 40
3 516 5024
1 742 5504 59
1 1335 6438 26
1 1227 3468 18
3 1671 2902
1 2056 3392 36
1 897 6807 39
3 2459 5270
2 1618 5484 14
1 4140 4722 35
2 1447 2035 19
1 672 5368 9
1 4774 6198 27
1 21 5131 10
3 101 6439
3 6519 6629
2 6168 6322 7
1 1841 3654 16
3 843 4588
3 4153 6097
3 3528 5936
3 1707 1842
1 5675 6157 4
1 2058 6580 53
3 2381 2790
2 2264 4052 23
2 1028 2320 11
3 1225 5698
2 2791 6043 30
1 3723 6616 19
1 2834 3076 37
2 2081 2863 55
3 4169 4862
2 346 6203 60
1 1240 4418 54
3 677 4260
1 56 3075 60
2 12 1689 54
2 1264 6398 4
2 1874 3139 13
3 1465 4729
1 3823 4273 25
1 1271 3021 58
3 2416 4949
1 4855 6378 33
2 15 5638 43
3 1300 5977
3 1925 2679
3 4743 6279
3 2526 5725
3 2902 2932
1 518 4631 17
1 131 6805 15
2 5044 6345 16
1 2683 4594 11
3 1600 1692
1 166 508 53
3 752 4603
1 4720 5411 55
2 627 6612 43
2 4911 6786 48
1 4496 6642 30
3 3007 6021
3 1412 5588
3 4914 5258
1 1695 5094 47
1 3755 5412 59
2 1721 5187 41
2 911 2263 48
1 5220 6570 41
2 1412 4220 8
1 4353 5087 38
1 543 2110 10
1 812 6352 31
1 6706 6819 24
1 1939 3512 12
1 1828 5438 34
2 122 1748 15
3 3864 6469
1 4977 5189 50
3 2134 6624
1 2506 6658 24
2 2836 5489 11
1 3633 4741 21
3 6285 6810
2 1037 4810 48
3 159 177
2 1180 4844 42
1 14 3413 60
2 2007 6821 26
1 1233 5382 38
1 1149 1498 49
3 973 4750
1 4274 4682 44
3 1754 4633
2 3254 5118 4
1 1520 1868 9
1 231 4131 32
2 4501 6252 11
1 4912 5550 35
1 3065 4068 33
1 5315 6617 48
2 703 5478 15
2 3556 4685 13
3 3820 6606
1 5653 5908 24
2 331 1636 6
1 1311 4724 11
1 1123 6751 27
3 975 2606
3 618 4750
1 1147 4851 37
2 5440 6604 24
1 5752 5843 5
3 609 1490
1 3563 4656 11
3 243 1997
1 529 5238 60
3 3605 5867
2 2519 5718 39
2 2774 3166 50
1 1591 5953 37
1 863 6357 37
1 3249 4330 7
3 2187 2726
2 2545 4553 6
2 2091 5317 3
1 2504 6288 41
1 4014 5199 53
1 700 5243 57
3 3418 3872
2 2882 4441 34
1 1952 2175 54
2 3787 5337 37
2 2073 6349 16
3 1909 5578
3 325 4021
1 3077 5253 2
1 4094 6066 47
3 392 4357
3 4564 5966
2 4479 6744 39
3 473 1445
2 375 6060 30
3 1057 1740
1 2792 3706 11
1 3856 5836 55
3 1050 1889
2 2155 2698 35
3 1615 1772
2 414 4373 33
1 5171 6617 31
2 934 2492 47
2 3623 6219 60
1 463 2505 10
3 1927 2220
3 613 4648
2 5844 5934 5
2 246 3558 16
2 3673 4627 52
3 988 2206
1 1365 1997 33
1 711 6181 2
2 4066 5198 27
2 2744 4042 56
1 6432 6459 19
3 1215 5845
2 4197 6573 51
2 355 5386 11
1 3841 6238 55
2 4910 5099 45
3 1635 6713
3 4288 4808
3 711 5129
1 4234 6294 17
1 4035 5613 60
2 3509 3513 49
3 1511 3026
2 298 3385 12
1 2963 5433 60
3 1084 2089
1 3857 4709 49
2 2687 4276 60
1 3125 6159 29
3 5950 6370
1 2996 6158 41
2 3146 3668 51
3 1525 4494
2 1056 1650 16
3 2331 4294
2 4646 5910 49
1 2308 4264 42
2 1026 3287 20
2 204 438 7
2 794 4171 9
3 693 2882
3 593 4164
2 3988 5291 46
2 2433 6672 17
2 986 5088 22
3 337 6750
3 83 780
2 1149 5270 54
3 348 3787
1 103 3058 35
2 435 4736 12
1 956 4099 19
1 441 2470 20
1 1784 2871 55
1 76 5670 48
1 821 5727 2
2 1853 5781 19
3 362 4102
3 691 820
2 60 4374 30
1 1432 2844 35
1 4022 6669 7
1 4782 6797 56
3 426 2293
3 1981 3687
2 1717 6446 12
1 4134 6450 26
3 90 238
3 2482 3185
1 1412 4788 35
3 1835 4765
1 1346 2396 48
2 4697 6134 30
2 973 3079 15
1 685 5226 54
2 2585 3422 39
3 1074 4690
3 3643 4269
1 3948 4047 9
3 2631 5186
2 48 5071 9
2 4746 5925 51
3 4599 5590
1 3377 3484 49
2 4753 6343 45
3 2420 4941
2 723 1541 15
3 270 1996
1 1572 6677 36
3 3381 3667
3 2914 6382
1 2581 6744 53
1 1487 4090 29
2 1360 5614 9
3 2412 3462
3 1736 6161
3 3107 3591
3 4733 6026
2 2240 5485 13
2 780 2798 56
3 2977 3859
2 4014 4067 40
2 1818 6471 10
1 949 3278 36
2 829 2381 24
3 303 4514
1 969 2051 30
3 3219 6117
2 747 864 16
2 1510 6834 22
3 36 4785
1 4586 6433 2
2 3354 4668 3
3 1865 3697
3 1999 4237
2 2932 6165 4
2 4049 6732 22
1 1831 4215 25
2 648 4480 36
3 4255 4668
1 6440 6507 52
1 2607 6787 23
2 1394 1396 42
2 1343 5474 39
2 4460 5386 46
2 242 5873 24
1 468 5123 27
1 2947 5641 59
2 3584 3801 7
2 1294 4233 49
1 5589 6518 60
3 3308 6529
2 2365 4454 39
3 641 2479
2 377 3670 19
3 980 2178
1 2206 3995 13
1 1296 5964 18
1 179 3306 18
1 435 3508 44
2 218 4869 26
2 1811 4491 28
3 2886 6356
1 4367 5764 27
3 2481 4665
2 135 4006 48
1 102 609 52
2 539 2373 18
2 1921 6808 4
3 3919 4145
1 4508 6502 44
1 2327 3424 15
2 1850 6166 16
3 4108 6282
1 883 3999 42
2 384 1723 53
1 2369 2520 5
2 5341 6505 47
1 3252 5626 39
2 1313 1937 6
2 2692 5653 30
2 441 5283 6
1 5753 6325 11
1 1963 3263 46
1 1056 1066 39
3 699 4183
2 3017 3126 54
2 4003 4223 38
3 1056 4221
2 5916 6209 55
3 1901 4720
1 4525 6719 30
1 4315 4725 12
1 768 1675 25
1 3032 3214 52
1 5532 5800 59
3 262 5824
1 314 1042 36
2 1164 2163 37
1 482 5943 33
3 381 916
1 761 6712 16
1 8 4681 13
1 2752 3673 9
2 1299 1951 45
1 3727 4378 40
1 1008 3322 57
2 1554 6820 45
2 2927 3239 8
3 161 4077
1 2552 4278 10
2 2498 6640 17
2 4193 6504 10
1 3889 4249 26
1 3661 5595 56
1 1964 1970 11
2 3813 5660 47
2 2226 2668 25
3 447 1839
1 691 6267 12
1 1054 4067 31
1 2763 4036 43
3 34 4056
2 1277 6497 43
3 1292 1841
2 3272 6133 60
1 196 2631 2
1 203 4919 50
3 179 2658
3 373 1334
2 3093 4883 41
3 747 4191
2 4081 6746 22
2 2699 5281 5
1 1678 4732 35
3 1117 4720
1 1560 3326 29
2 1780 4211 34
1 357 4309 25
2 501 4095 37
1 4868 6080 32
3 2509 5210
2 1278 4027 21
3 2294 2907
1 2889 5272 26
3 1324 4626
3 53 5886
3 1638 2527
1 1424 5510 24
1 172 2966 15
3 1271 2097
3 505 6444
2 4265 5893 23
1 3024 5818 28
2 1875 3841 24
1 1461 3147 30
3 1845 3761
3 3359 3718
2 345 5441 46
2 4958 5707 49
3 699 1502
2 1980 5146 2
1 4687 6286 20
3 400 636
1 1174 2024 29
3 425 1636
1 1317 4779 15
2 4046 6553 3
1 1698 2477 27
1 1120 5552 52
2 2663 4386 53
3 1532 6650
1 4027 5112 41
1 2900 6626 6
1 2427 6390 37
1 2211 2986 13
1 757 1492 36
3 6185 6384
2 1995 6737 22
2 230 1017 33
1 1664 4335 48
2 1412 2281 27
2 4497 6369 11
3 2903 6441
3 2748 3756
2 582 3434 6
2 286 4190 40
3 134 5720
1 1891 6591 18
3 2021 4814
1 3995 4473 23
3 773 1836
1 3275 3816 24
2 1000 1436 26
2 890 4325 36
1 165 2678 28
1 308 3169 5
3 891 2599
1 3606 5595 17
1 1341 2440 4
1 4783 4954 25
2 2458 4401 50
2 113 2425 55
2 515 4803 2
3 5342 6357
1 4834 6519 23
1 249 2790 44
2 2476 4545 30
2 246 262 47
2 547 3571 51
2 31 125 44
1 2143 6725 52
3 1143 6380
2 3112 4850 33
1 6168 6314 8
2 1926 5039 54
3 6001 6229
2 1369 1588 49
1 133 2440 15
1 3709 6328 57
1 1547 6034 33
2 1190 5012 49
1 1200 5518 30
2 3441 5275 42
1 3600 5538 31
3 319 5890
3 1789 2050
2 467 2394 39
3 3942 6723
2 882 1059 9
1 1691 2426 41
1 175 6526 58
2 1899 3944 25
3 854 1602
1 315 2551 17
3 362 3845
2 936 3672 30
2 407 2055 24
1 6529 6735 46
2 1088 5161 11
1 4479 6394 22
2 1328 2486 30
1 640 2263 34
1 2614 5857 60
1 2365 4936 57
2 3143 3977 7
1 3777 5823 39
2 3855 3910 45
2 375 3281 38
3 3274 4036
2 1965 3919 27
2 2883 6522 8
2 3973 4611 38
3 409 2572
2 959 4850 15
1 4017 4794 55
3 4122 5907
2 1109 5145 40
2 4839 6564 2
3 431 2691
1 3704 6505 51
1 1885 2205 23
3 1396 3340
3 2938 5019
3 3340 4166
2 4409 6628 56
1 2269 3594 23
3 879 4727
1 2122 6756 37
2 1129 4304 1
1 4298 5986 47
3 421 984
1 5808 6214 32
3 2361 3182
1 418 1111 28
2 5140 5463 46
3 173 5197
3 3574 5036
2 5013 5152 38
3 2786 5991
3 39 4331
1 3707 3733 39
1 2544 3346 40
1 2062 5833 39
2 1433 3575 23
2 784 3090 49
1 875 2181 42
3 3458 5740
1 1769 5247 1
1 707 1650 23
1 1295 5336 4
2 3826 4703 44
1 2429 4824 54
2 5934 6388 15
1 2118 4545 41
1 4880 5406 16
2 179 3390 19
3 2422 6608
2 1788 2163 40
1 3195 3933 31
2 3891 5913 10
1 970 3124 28
3 1695 6354
1 1533 4699 41
1 1242 3387 21
2 267 788 12
3 3274 5427
3 537 5304
1 5455 6500 5
3 1412 3694
3 1717 5075
3 1544 3413
2 4645 5384 31
1 519 6679 2
1 5078 5901 13
3 1346 4114
3 968 6071
2 1638 6041 28
2 4074 5747 59
3 3575 6334
3 174 4263
1 451 6530 27
2 3277 5273 19
3 331 2964
2 2487 3421 35
2 2301 2655 34
2 1528 4792 12
2 241 3867 48
3 5639 6325
2 5317 6390 52
1 1123 5354 39
3 5040 5481
2 5983 6828 56
2 2457 3868 30
3 1542 3747
2 5085 6196 1
1 2936 6090 47
2 3367 3997 24
3 1140 2728
2 2120 6395 17
2 2725 3348 42
2 2043 5678 48
1 1220 4203 28
1 4251 4593 15
1 3880 6763 8
3 2041 3333
3 444 2647
1 313 4470 48
3 2733 6723
2 1755 3717 23
2 4721 5915 9
3 1706 2658
1 3029 6100 48
1 70 6828 18
1 1644 6794 42
2 131 5300 53
3 559 2349
2 1653 3896 18
3 5156 5806
2 1383 5978 21
2 4368 4602 54
1 696 6837 2
1 2541 4599 26
1 1435 3842 21
3 5699 5871
3 2440 3164
3 3976 6534
2 3926 5831 19
2 2952 4712 54
2 2846 5590 9
1 4316 4605 36
1 2278 6260 1
1 3976 5703 8
2 3188 3262 22
2 1992 5717 23
3 126 934
2 2459 6035 35
1 639 5213 44
2 3913 4288 30
2 3583 4972 49
2 5969 6151 3
1 2318 2793 22
2 1684 6764 38
1 1266 3285 48
1 3948 5242 45
2 453 3900 53
1 1210 4924 26
1 256 3598 25
3 3321 6416
2 1416 2635 17
3 1128 3202
1 2258 3947 23
2 2320 2776 8
2 3595 6652 42
2 4076 6339 48
1 3558 4724 17
3 5630 5712
2 1155 4489 56
1 489 2890 29
2 3307 5463 45
3 1151 4118
1 1563 2761 41
2 705 1843 34
3 5064 5725
1 2196 6197 7
3 3839 5103
1 635 6210 12
2 1264 4226 10
3 290 824
1 2660 4362 18
2 4362 6584 10
2 4850 5615 46
3 4195 5627
1 2018 5209 31
2 2686 5030 41
2 2313 3531 37
2 68 280 17
3 1319 2160
3 1549 5046
1 1801 5373 19
2 872 4441 7
2 1757 5872 46
3 2698 3502
3 1064 6315
3 2021 2652
1 3265 6233 26
3 1610 4356
1 3611 3722 12
2 1863 5343 34
1 2975 4286 44
1 1955 4709 32
3 1409 5691
3 2538 5169
2 4168 5854 50
1 1031 6784 19
2 592 5325 35
2 2998 5251 1
3 2408 3500
2 309 6150 36
1 4777 6678 5
1 4376 4955 3
2 1348 3423 27
3 5704 5873
3 3739 4940
1 2582 5363 52
2 3816 6343 44
2 2066 3936 60
3 3916 6677
1 2113 4083 9
1 1860 3125 50
3 321 3032
3 2615 6324
3 484 6666
1 1068 5744 40
2 218 3121 8
2 4786 5274 42
3 1317 1730
1 931 5345 60
3 3172 6261
3 1259 6493
1 2995 4977 31
3 3051 6819
3 2268 2421
2 506 3128 18
2 4539 5951 52
1 895 5544 35
3 2468 4115
2 4794 5303 52
2 925 3951 56
1 3577 4383 46
1 2181 3189 58
2 3461 6795 32
2 4927 5634 3
3 2840 6716
3 2385 5833
1 1291 4157 55
3 1765 4882
3 4677 6731
3 1560 1857
3 768 4426
1 2545 4600 23
3 1821 5257
3 4250 4834
3 329 3126
2 3220 4439 51
1 2034 6273 27
2 25 4542 34
2 1784 5574 13
2 3154 6074 6
3 4450 5412
2 941 6159 41
1 1972 5580 59
1 192 4244 24
3 3647 5531
3 3480 6752
2 1434 4137 45
3 2558 2961
2 2977 5702 31
1 3180 4641 17
1 2313 6091 55
2 4692 5000 59
3 1956 4564
3 1314 4656
2 3296 5882 22
3 5913 6084
2 4044 6324 42
3 4728 6403
1 3252 4622 51
1 1827 3420 48
2 5957 6236 11
2 2130 3176 54
3 4447 5509
3 2676 5169
1 2748 3861 60
2 5109 5193 6
2 1094 4298 27
2 4077 4564 17
3 609 3141
3 1830 4201
1 1485 2611 6
2 445 4135 36
1 3923 6582 22
3 1780 4012
3 3930 6595
1 836 2673 39
3 524 6541
1 5626 6682 8
1 2176 2854 38
2 1168 4626 18
2 1909 6083 41
1 1046 4675 43
3 2707 4332
3 5309 6545
3 4473 4920
3 2839 4411
2 5619 6065 5
3 1900 3474
1 1501 4842 13
1 3962 6238 22
3 1795 2969
1 2442 3237 25
2 461 970 6
3 4386 6192
2 2580 6065 49
1 1494 2779 25
1 2319 5039 49
3 4612 6411
1 4747 6335 2
2 4762 5899 17
3 54 2178
2 3629 3982 48
2 2306 3184 20
2 3466 5506 38
1 589 3225 43
1 609 6182 1
1 4687 5569 55
3 2470 3775
2 1869 4942 14
2 914 2798 3
3 1531 4646
2 1682 1707 34
3 3587 5768
3 1420 6078
1 2999 6153 14
1 5180 6000 26
1 3395 6160 30
1 2313 6675 52
2 5581 6040 39
2 5603 6788 42
1 2307 6129 35
3 3503 6306
3 1516 2180
1 158 158 2
1 5507 6348 46
3 6460 6751
2 5047 5518 20
2 2837 6311 30
3 1744 4245
2 2388 4272 48
1 4275 4399 55
3 470 2852
1 346 6692 46
1 6114 6292 52
3 3230 4898
1 2406 3852 58
1 1454 6792 49
3 3668 4594
3 335 1141
3 5155 6321
1 1079 5738 6
2 411 3950 47
1 293 2004 52
3 784 1297
1 3695 5080 6
3 2793 5464
2 185 3165 1
1 1551 4768 32
3 4421 5099
1 3728 5372 28
3 135 4612
1 3673 4257 50
2 5096 5190 41
2 322 6379 9
2 675 3788 22
1 1898 3028 28
2 2848 5221 14
3 1835 4808
2 1160 4942 14
3 1259 5871
3 2815 3214
1 1034 4085 17
3 2421 3266
3 2872 3708
2 472 3009 42
3 2511 4224
2 1013 5195 27
1 3225 3913 29
3 5367 6115
1 2418 5869 30
2 2904 5774 43
3 354 5365
1 769 4905 14
1 1448 5171 32
1 812 3548 22
3 3122 5909
1 2623 6587 27
2 2769 6156 55
3 3911 6737
3 365 4963
3 1078 2421
3 385 649
2 4292 5347 1
1 1491 3409 36
1 3786 5401 13
1 5812 6139 34
3 1748 2890
1 379 5486 42
1 2216 5138 39
3 3082 6732
1 4518 5779 54
3 5012 5581
3 3215 5001
3 3489 6631
2 2062 5645 43
1 1662 4173 39
2 3601 6086 47
3 4322 5285
2 3242 3535 28
3 3033 4249
1 3288 4717 36
2 2599 5068 37
2 1222 3021 23
2 685 5925 60
3 1803 3667
3 497 5670
2 4340 4735 53
1 5134 5941 59
3 4412 5368
1 3368 4018 6
3 695 6075
2 590 2139 8
1 4367 5817 11
2 1088 3908 9
3 415 4843
1 2589 2834 55
2 5454 6792 18
3 60 6629
3 4595 5111
1 302 1609 6
1 3380 6064 55
1 2532 4377 2
1 2544 4113 56
1 4584 6624 16
3 2805 6333
1 1271 4913 11
1 428 1940 14
2 1280 2056 52
2 4671 5736 1
2 4288 4700 1
1 4092 5341 15
1 37 3673 12
2 1838 5528 12
3 5630 5930
3 2218 2622
3 395 1664
2 1658 4822 52
1 610 3237 27
2 3 530 51
3 491 521
3 2256 6557
1 998 2844 16
1 988 6600 33
2 1400 3388 9
2 359 1552 40
3 2443 3263
3 3441 6359
3 1582 6005
3 5210 6142
2 1316 5283 10
2 1136 5703 21
1 4981 6726 18
3 348 3505
1 4645 5134 39
1 2426 5789 8
1 2283 5974 29
3 98 2585
3 1232 6208
2 534 3882 60
2 1687 2891 25
3 1613 4904
1 2407 4203 11
2 3963 6633 25
1 889 5798 15
1 2268 5147 26
2 252 6153 33
3 1061 5158
3 511 2421
2 284 6755 15
2 763 2703 52
2 627 4999 29
2 5016 6461 53
3 2186 4450
3 829 1718
3 77 3537
1 2214 3371 37
2 4962 5290 57
3 361 4422
1 1101 2675 47
2 2839 4481 13
1 2337 6177 38
2 2331 2675 47
3 1341 3282
2 2927 3813 41
2 676 2020 57
3 88 654
2 804 1515 25
1 4486 4539 44
1 888 5765 49
2 3550 4036 57
3 2203 6143
1 6386 6461 49
2 1987 2574 36
1 2187 4383 28
2 3666 5474 7
2 3901 5114 19
2 1754 3258 6
2 2817 5651 55
1 1222 3308 35
2 3722 6259 39
1 3990 4227 59
3 5057 6309
2 2017 6270 59
1 2979 4343 47
3 1823 3567
3 993 3229
1 1227 1369 57
1 57 5502 6
2 375 1692 1
1 2272 5650 50
3 3331 5621
2 892 1644 21
3 1570 4979
1 1611 3155 57
2 5989 6193 39
2 2090 3501 31
2 1928 2895 27
1 62 1340 35
3 3452 5121
2 210 864 12
3 926 955
1 4963 6118 37
3 3847 4729
1 1345 5118 30
3 1020 6824
1 495 1592 25
1 878 6474 11
1 1808 5479 48
3 66 513
2 3742 5665 41
2 5380 6200 4
2 5067 5700 40
2 3580 6227 24
2 4863 6370 51
1 4167 6671 5
3 3683 6645
1 3189 5811 55
3 2927 3682
1 516 1105 52
2 325 763 22
2 1336 6091 31
2 447 4018 26
2 1493 2328 11
1 3433 5798 14
2 431 6620 11
1 550 5221 25
2 3189 4778 27
2 791 3735 33
2 1066 2530 14
2 2347 6480 29
2 593 6561 56
3 519 1504
3 922 4111
2 695 2853 57
3 5015 6468
1 3266 5441 40
2 252 4903 34
3 2247 5029
2 3457 4730 14
3 142 4050
2 2868 2876 12
2 5535 6742 27
3 2260 2282
3 4726 4993
1 4330 4585 44
1 4493 4952 40
3 5097 5972
2 1935 6743 1
2 34 4567 43
1 2218 4264 3
1 231 1447 20
2 1731 5895 51
1 40 54 7
3 2425 5858
1 67 3600 17
3 4407 6389
2 3339 6579 21
3 6196 6508
3 3027 3049
3 2137 6654
2 2764 3074 45
2 1485 1892 41
1 2070 6773 36
3 5589 6308
1 397 6147 42
2 405 4409 41
1 150 1849 60
1 1856 4932 31
2 1576 5403 1
1 1545 6011 30
1 2149 4342 4
3 2850 5677
2 1693 2099 28
3 4448 6235
2 3139 4604 58
2 2763 6795 8
1 3136 6088 55
1 2386 4412 39
2 346 1161 26
1 2909 5861 12
2 2106 5275 49
1 4029 6399 12
1 913 5775 54
1 3309 4026 43
1 1958 4899 40
1 442 6127 41
3 24 4327
3 1715 3732
1 3095 5072 9
1 1573 5500 17
1 2513 4683 21
2 782 2055 26
3 356 2993
3 18 1640
2 1389 6434 56
1 3691 6003 54
1 1583 5079 51
2 3197 5672 42
2 1458 2139 16
2 2101 5985 24
2 1333 2450 49
2 276 2329 9
1 1132 2876 59
1 181 6670 36
2 918 3435 38
1 4218 6379 39
3 1361 4849
2 1007 2373 59
3 4692 4903
