1
3020 216 1447
1629 4
2434 162
2870 728
2797 456
2362 392
1846 589
3012 432
2203 494
2864 610
2449 494
530 427
781 53
589 66
1702 531
1277 524
2390 241
2833 330
2761 401
2513 905
853 145
2249 25
1289 149
877 847
9 242
2319 804
2335 819
2004 651
525 319
707 959
2785 376
712 354
1384 54
1002 823
2947 611
2557 425
2245 781
753 473
2135 55
2957 789
1311 759
1690 219
1650 489
590 258
2374 587
185 450
368 488
1434 991
2698 61
795 562
430 151
1525 455
1902 194
829 272
878 171
2455 88
1001 48
2841 585
473 154
1684 55
1778 218
1903 307
1283 593
2462 161
693 606
1128 227
1857 621
2621 915
938 482
757 420
2921 994
1932 938
612 90
1444 821
392 885
1014 795
1595 307
2553 291
2858 925
1293 578
1056 986
1373 850
289 613
2402 326
2739 652
22 271
1889 99
2137 2
1523 887
1024 16
2696 923
953 53
752 102
1396 521
454 739
2833 914
2827 184
2867 343
2672 607
2111 383
1928 856
371 528
2125 694
347 65
1194 837
1632 136
1423 154
100 812
3009 43
2519 941
2 843
53 295
62 552
1205 555
2672 316
2836 710
2494 463
2196 24
1633 467
1993 309
2666 295
1808 39
2847 124
2939 707
2011 323
2918 904
2294 277
1933 675
1774 194
1195 989
592 163
2797 355
872 616
1361 925
381 571
1784 696
1281 834
1152 692
2060 833
1578 839
760 149
2153 760
130 138
1445 253
205 462
1454 797
2781 740
1574 663
141 635
2331 65
449 692
2282 481
2045 920
169 832
1712 943
2918 842
2566 713
1597 399
494 929
474 861
1194 821
1657 236
29 704
2976 376
1272 592
1420 787
1650 752
461 377
1206 487
1022 370
2637 744
122 291
469 688
809 636
1167 690
2107 108
610 142
1928 401
1554 590
842 304
850 576
2042 803
631 135
92 814
2110 354
2103 753
1290 27
94 346
39 392
257 8
2488 750
1736 768
1270 657
131 84
1771 230
2152 439
1805 370
1869 938
2340 295
1775 42
1307 630
140 952
1979 840
2486 407
1110 371
105 218
274 92
1846 451
2367 767
2734 845
385 400
1351 819
2687 118
1591 311
1157 386
367 548
1536 781
