100 20 20
11 12
7 2
48 13
1 17
37 35
2 24
10 10
4 46
38 35
7 25
17 3
34 21
4 24
2 39
45 13
48 44
45 49
24 3
3 14
27 37
48 7
31 16
9 20
50 39
31 31
36 50
6 44
27 21
21 6
2 27
22 8
36 10
33 13
22 36
2 33
19 27
1 26
3 33
42 19
18 4
50 8
40 25
15 7
10 38
34 46
17 1
22 18
48 39
9 33
28 11
10 28
14 13
2 25
15 30
41 47
37 7
39 34
35 10
34 19
3 28
45 4
34 41
5 27
50 12
17 29
9 8
42 45
43 35
27 33
27 19
40 5
14 39
45 3
41 3
3 16
33 6
22 27
6 17
41 5
15 47
9 5
14 47
27 36
2 20
12 23
46 4
16 42
38 26
6 27
1 43
33 21
13 34
23 48
34 19
48 49
44 14
29 8
17 19
25 17
46 45
