8
620.92 528.83 914.39 770.59
175.78 87.44 373.34 346.10
147.51 453.09 411.74 596.06
617.82 458.79 927.97 500.51
115.66 339.71 683.95 426.58
497.12 18.75 636.48 828.11
173.19 282.75 543.33 972.20
447.77 617.82 697.01 735.60
8
549.13 735.91 692.32 812.52
125.62 77.63 639.38 845.15
93.46 45.47 211.01 695.35
63.60 154.69 514.20 894.78
88.34 314.58 476.42 980.85
416.24 297.77 709.60 585.13
572.25 478.58 638.34 803.53
218.15 561.86 645.17 749.01
9
220.82 811.04 954.72 889.71
62.91 37.97 480.14 726.55
12.65 256.67 726.46 534.79
40.13 593.55 780.52 767.54
695.18 91.70 925.80 960.97
761.63 911.73 944.33 977.98
22.42 131.59 135.63 500.22
727.66 341.14 967.59 592.56
307.02 516.48 436.20 897.81
8
602.83 740.70 968.41 885.80
30.15 58.84 90.79 821.24
571.46 486.91 852.40 692.73
439.89 91.98 902.80 643.81
844.92 757.88 941.04 946.54
12.66 78.76 498.26 436.40
61.42 103.51 797.16 922.67
169.66 124.96 462.47 656.54
4
673.02 626.17 830.24 781.81
728.54 341.24 937.42 695.02
255.98 144.79 365.81 176.34
119.04 258.13 467.13 290.97
3
5.09 409.65 416.74 622.79
276.04 65.39 598.51 520.97
473.65 730.30 542.47 960.76
1
38.59 82.71 932.36 91.23
4
374.53 62.09 589.12 957.24
881.60 21.30 910.75 782.06
369.62 625.98 681.96 855.28
297.24 593.94 529.24 765.44
1
224.78 770.07 375.03 977.25
0
0
