100
62 878330100 26
83 314174400 6
43 980625571 8
56 699030148 54
11 992922772 1
91 955942615 7
56 199550828 9
41 126477997 24
47 234717290 43
61 713975536 46
6 896005285 2
62 134485 9
16 799947914 9
14 910977150 5
73 565127572 40
72 58660945 17
62 301013068 34
16 407283863 7
57 899273347 12
5 778664920 3
49 906141134 6
90 15641204 65
100 619721282 62
48 871019013 26
41 895948145 35
15 702105844 12
21 790861220 4
23 850284634 21
37 850288986 21
98 343302681 46
97 68253439 57
55 389572921 5
78 842066160 27
89 416963207 19
5 280932783 3
37 715666283 21
27 449975394 14
28 511269642 0
37 874300818 25
9 158744988 5
78 515889184 73
98 578837006 90
37 465840778 34
77 37046747 11
99 204492896 94
21 714566439 19
65 146453504 9
25 475168028 5
66 103115929 4
12 530587273 2
8 9648734 6
38 114519736 4
40 623487752 33
10 276230287 5
3 204869778 2
33 790170601 27
94 1238064 82
10 481282358 8
69 546648976 37
19 67361105 5
59 482322004 58
23 123472800 15
54 393728462 8
72 112786546 3
77 148513021 4
67 834975124 38
10 305335495 7
82 89521973 81
14 445915256 2
59 43140347 23
65 705201787 13
26 633269093 9
82 426514775 75
27 445933923 13
75 216151276 55
16 441819187 6
17 250168302 13
44 863006590 34
59 34817441 15
58 609776562 25
100 62979541 28
92 242418849 58
90 387617060 65
83 43817562 76
17 178222955 8
18 222934087 1
99 878747269 96
82 139665032 34
42 886610766 29
81 408465806 71
23 435631831 20
54 466053114 18
76 389533158 26
36 830465718 8
33 73009329 14
73 488428373 30
86 951445210 1
58 785945768 51
61 959470508 29
92 890460576 35
