100 3000
55 15 243592750
11 85 403876392
63 53 788777064
45 45 856738792
25 41 544150106
41 73 996588636
69 37 572243118
95 83 569665566
59 89 576858222
63 31 52377844
81 79 563619064
59 99 675707804
67 45 108715426
81 35 820106252
5 27 781704562
19 41 46004490
23 51 38957108
59 55 120903938
33 45 561178474
75 37 511088386
99 27 3069538
49 7 551395746
49 57 384201674
85 63 667935438
39 97 141008976
57 99 533935702
19 1 153282672
9 39 956811784
21 19 65660160
69 19 40541016
39 57 528188092
37 97 630032724
13 99 76383808
63 81 476830944
97 5 744823010
33 63 755986954
37 47 47252886
59 65 995768918
69 65 799020152
9 77 997014766
21 85 723253302
17 13 10199170
93 81 743399372
99 33 398832084
5 29 624638954
35 91 480110776
5 51 60524132
79 77 277218402
5 25 686151438
43 55 90880780
95 13 599769704
67 81 30381480
93 3 994687860
87 77 718625670
11 53 482401044
23 57 107644644
59 17 15560794
11 81 17340994
85 35 904660516
55 45 701795118
53 83 834041180
53 77 215333560
23 83 328107596
85 99 659500576
3 37 753270364
7 95 725167574
61 95 648195178
19 89 360688118
49 59 932393124
27 27 742999678
61 51 994763944
25 9 543186390
63 83 33855050
89 77 938112082
93 5 111084768
19 19 8536380
7 57 237588236
27 81 623517476
47 39 685280290
37 19 612684832
67 79 145687018
45 47 61889112
83 45 517235230
99 79 959992924
85 19 976898348
85 87 749219068
9 5 115888882
35 97 927953274
65 31 252116526
59 59 222166392
55 11 438760374
27 71 155325796
85 37 659744894
29 27 363383096
69 81 979366906
93 21 778985464
45 63 697494390
63 65 396886528
13 75 489093282
69 13 289518826
37 99 637613888
99 1 922096652
53 71 94620158
55 47 769473450
49 63 246124530
59 29 68644132
29 21 57818674
25 13 932734996
11 69 658037984
9 7 413689932
25 85 160898642
15 59 74722932
31 75 259670586
45 65 292106998
55 55 87540492
73 87 413639868
45 11 6356774
31 49 849438734
23 99 83469988
45 31 295353480
73 19 229843320
51 51 35647804
13 47 526193126
51 49 282229566
81 89 157034200
97 13 92358682
43 33 366666410
71 39 54681406
43 21 812316598
39 99 517260618
9 49 885285138
53 39 377624238
17 21 825414548
55 13 77971766
5 71 797380338
35 55 579189060
91 43 689548400
87 59 847438954
49 79 868322034
75 47 985275712
31 79 72890108
49 69 41860446
31 33 514518956
79 19 1354056
1 85 376696694
75 59 195402042
15 87 483736996
75 73 424237740
61 57 323401516
25 21 800948602
85 51 179549756
67 37 246312068
45 93 247176910
59 73 319897762
5 1 83263394
67 43 95782888
13 11 784671744
83 97 45121516
43 3 553924538
65 61 800254540
11 61 721601462
13 85 302241266
37 53 867963986
83 29 944546276
83 25 126267800
89 75 59698494
75 33 131818558
81 81 775354854
95 33 950803926
51 71 872879250
1 65 582724550
41 77 825358260
37 11 193764240
73 79 210591432
11 47 733869134
63 63 812756496
1 9 492264692
49 55 871779174
81 33 592641744
71 67 499241072
5 55 75046724
1 95 312448138
97 21 2528584
45 73 930122914
85 27 718323530
97 67 519489516
37 39 39873218
5 39 9816512
5 45 626176386
3 79 884718596
61 89 441852456
51 27 574348470
85 55 424745412
83 85 131674612
91 75 248587204
87 71 105528
97 43 87416012
43 57 411072922
65 77 840638878
57 9 89498160
97 1 583211690
49 65 721255474
29 11 288306538
41 97 964143078
69 7 34293084
71 57 502284570
65 91 196243870
59 69 18480262
93 19 752395644
35 47 575837570
25 7 782880654
83 47 73480050
69 23 835374698
55 21 116117288
75 67 489045766
35 57 12707166
61 87 982487174
95 31 145044354
41 33 287165738
19 35 189249152
69 75 328781092
7 29 339104364
1 7 760275092
73 89 559354110
85 97 884295268
41 27 557425464
93 95 397699468
9 59 972841806
29 51 67915830
65 95 802469996
33 9 309659218
15 5 910950462
31 97 706642974
5 21 990085020
39 49 393153822
7 85 384571152
33 1 102512554
93 49 890194648
79 1 645105646
31 91 61592586
25 87 977435496
31 57 945061238
73 7 465373652
3 1 691089370
53 27 986695636
5 81 944967944
79 47 615391898
51 77 223817820
59 37 873598070
39 19 502434448
85 49 702131986
89 65 70244262
97 61 667045612
87 27 989499480
55 73 820673182
47 25 329081806
57 21 901367104
1 39 157261912
65 53 752476024
7 17 782432884
51 13 48375876
27 69 746834864
79 23 793574342
61 67 221864658
85 43 56267656
11 59 693128516
77 77 549248626
31 23 420078228
57 25 312039480
49 29 978240084
77 31 101624740
35 77 949661908
65 29 707326238
99 71 538200000
45 79 902377486
89 69 495034984
79 13 178013354
33 35 38944772
89 43 552641852
61 85 376856108
31 69 947524128
67 33 752342630
55 19 555099648
15 23 438753462
7 35 71769748
69 63 576203788
43 39 620654930
27 19 222035054
23 7 425511012
79 71 564064184
23 67 890307664
99 93 918911482
3 49 81692606
17 23 473123822
63 97 528756580
63 79 646289716
53 41 312069934
79 17 880907058
1 31 467839320
51 45 939186784
89 67 189016246
91 97 978472600
65 97 971145262
41 11 939267866
53 79 19394148
43 65 284099756
21 63 102206472
23 59 898505168
55 69 440831426
65 71 549363136
83 33 698952948
81 83 41366076
81 77 258617308
11 71 211747572
31 85 81070606
53 23 752656518
43 13 76754764
91 13 911789830
25 37 789062026
87 43 594601342
87 21 337217274
31 35 937424732
11 57 244949640
35 79 107324578
71 15 262701312
7 59 72624346
55 95 65283636
43 37 713521598
47 63 827291884
87 99 647379794
93 31 838057310
47 61 921344056
81 43 588969208
93 89 847109118
25 95 106580956
93 77 989824462
77 15 521357550
97 11 5591906
65 3 714382218
65 23 55790792
25 15 633750144
71 33 610420984
27 31 589847280
57 37 862907510
39 87 545533696
37 63 849465638
37 37 730871400
53 97 49256838
29 67 506900428
37 9 370508304
43 71 130504078
55 25 213049376
45 59 875174334
79 57 213475174
99 7 400441628
29 85 781181758
73 13 238441254
11 33 473076248
43 27 549927842
57 89 216889966
57 59 491649608
95 97 828344970
23 25 158083864
67 17 764672170
9 23 4714470
85 59 789967306
95 51 236249388
89 97 40450604
65 13 945152370
23 61 322101356
31 17 134947812
47 97 900584886
5 73 117066406
91 73 129988654
5 65 756635144
37 83 712482186
15 69 843581586
1 15 622695038
31 71 855745816
43 95 511014786
19 11 651812796
83 49 17638790
37 33 91339360
17 77 910020890
89 25 653814620
15 15 824456964
1 73 166986256
77 3 38995286
63 55 805437690
25 61 666403038
93 11 500967288
13 7 557814002
11 51 945247936
5 63 142161836
47 7 676079570
1 29 703501504
89 41 626370786
57 5 857182810
15 51 564608664
83 39 291159668
77 13 386113354
29 79 21168344
3 33 587031402
41 49 964544126
81 23 255147160
85 45 803356344
3 89 14800086
9 73 458494626
69 95 702966622
9 75 591723276
43 63 499746448
1 21 57627526
53 15 894319582
89 79 240794470
91 63 90023778
87 33 64886370
1 51 14379884
83 93 536572530
45 35 779878934
31 99 525925866
63 1 268265010
39 75 604740428
45 37 855442244
15 79 823279760
47 95 705605502
61 93 75507768
81 95 95264728
5 43 610225626
75 99 39192716
21 73 368409802
33 97 30135898
93 9 124418730
5 89 201011164
93 47 982779120
73 85 674455852
31 31 74942418
45 23 197125484
91 47 118709918
21 27 722986322
81 59 425679350
77 45 878794676
45 43 848574512
71 9 87522980
89 55 755738852
33 7 808500266
75 49 10923368
43 17 50490036
69 45 639401846
79 79 173348574
3 29 340117696
63 95 81567368
31 83 274624878
55 77 432204724
27 1 874123158
71 55 886307446
87 51 456663664
29 39 101242492
83 5 752005568
3 99 900218600
63 11 801886534
7 7 94811470
97 93 753823658
7 5 450230356
43 61 690553576
79 37 633146344
67 3 590960482
99 83 480945368
29 75 844572556
55 81 594933472
83 77 39958152
27 23 614585922
33 51 942589274
71 23 640078116
61 19 232772262
63 9 28368866
37 61 515147576
51 19 804675838
65 93 174877954
41 83 132294344
21 11 345265822
99 51 665050536
21 91 360893422
35 21 876601374
91 49 236454198
19 33 118415030
17 17 41092194
89 15 641433474
15 85 951290872
31 89 489081858
97 73 157081188
3 61 597471482
41 21 452463784
95 23 856354286
33 13 691571448
87 89 205124318
21 39 565211076
3 13 262153094
87 5 960321728
59 27 183058230
9 99 16457926
85 93 209539004
77 97 161220178
39 45 757869976
7 71 720798564
91 93 350857542
33 91 440570880
75 11 1938870
19 57 729432060
67 1 500596388
85 17 143173744
47 9 196089780
11 99 955932974
91 15 682616082
73 63 551861564
69 67 879338488
95 3 278260036
37 77 229513498
27 45 343444336
93 25 647552414
99 99 273145006
55 29 47634446
15 61 661456806
23 11 450768800
21 67 777388130
55 27 132434982
79 25 738962436
49 73 202423156
61 29 937711072
77 19 170952840
13 29 465426684
29 17 380321036
97 9 752104570
57 85 672961764
83 59 645814690
43 75 776650840
65 27 801736972
77 33 61301590
23 39 527344254
79 9 896979348
71 91 122910144
25 75 910144666
19 9 1254834
43 83 450333794
83 9 70891824
17 97 750737078
67 77 596123534
99 55 471601508
65 35 531476316
53 73 23963666
71 63 536091640
59 19 265853672
93 33 213083966
75 51 553243870
15 11 414193694
49 89 689972458
21 77 47241896
19 15 738542288
1 59 584577604
31 41 65327544
71 47 724361886
77 49 215955372
39 59 108105312
81 31 72409794
55 75 484505304
11 67 910617296
81 1 265973068
37 49 679052368
51 7 126676818
67 47 60812788
69 35 225609892
29 89 361611608
69 53 651717870
57 65 607611370
73 31 730010478
7 61 720073698
53 17 506654136
1 23 3253438
71 71 643299024
95 15 491379812
29 19 241196158
73 57 908237098
59 51 182438336
1 93 312063688
87 69 420083782
27 7 640435232
93 75 282639450
47 33 654224594
3 63 30928062
41 95 687170028
91 53 163166758
65 39 61996280
23 35 527198540
5 13 408910028
87 11 361787618
75 1 24582570
95 5 906009556
35 87 89704664
71 81 680874038
81 57 967232806
47 5 722805032
69 57 363776698
41 85 321739306
77 71 947380352
87 79 35339380
95 79 645575724
57 75 584591348
41 3 572390024
7 19 774968216
69 77 185945114
87 37 343592668
41 9 879736188
71 3 579549584
49 53 495226456
13 57 42834672
29 99 915242634
49 99 278220496
19 47 201945092
7 45 602281312
33 73 540609284
91 23 710422530
17 39 256589586
73 65 463339240
41 23 808140218
63 51 432496572
45 99 553492660
91 77 219953510
79 33 811779014
87 57 836067464
27 33 777035410
1 91 787491932
97 15 364734044
57 95 628770802
19 13 900316348
35 29 50434802
3 51 925276262
43 1 535880026
75 61 577789258
73 71 959104082
61 61 446253824
47 65 639598936
69 17 735029166
41 75 178050934
23 49 897597702
21 95 686181906
81 51 256009614
15 83 3150248
53 67 76499306
55 83 646721166
55 31 617019424
33 65 86026426
79 69 978914856
73 29 72683342
31 47 570882888
11 9 127188452
59 53 479593640
25 73 174424808
39 55 410809460
59 5 112025862
49 15 648193126
37 1 690398944
59 95 9129060
29 95 507842408
57 3 729706180
81 19 723640240
5 11 573423416
9 89 829118816
29 29 688781496
45 13 864634708
83 83 396276016
35 61 676909384
31 3 962959590
95 91 20753960
47 47 641080240
47 15 629035538
45 91 446816186
29 37 193176646
9 53 748069312
93 79 712030360
99 47 126917154
61 81 97266210
81 65 161678436
21 47 148950564
57 15 789539530
71 21 625366492
15 39 516853338
61 21 118160672
5 33 403547830
9 21 877273206
25 77 469065924
43 99 763300118
89 33 719869762
31 61 879055944
93 63 768360332
49 87 101298938
7 43 164940144
53 61 317239736
49 27 988532782
99 15 463554150
43 35 491554388
5 61 217013162
71 95 305791992
43 79 827144220
85 23 399685896
67 59 156124852
37 35 864643510
19 97 958341352
55 61 324543660
25 31 5823210
17 61 932882844
75 45 83522110
99 25 886862642
79 55 378509608
89 83 734825116
7 65 410878788
63 67 232925452
71 1 584343460
47 51 34866112
67 85 165415764
57 53 706166016
59 63 9923688
81 29 103990228
65 9 774322250
35 15 677476960
15 41 531130534
89 7 323952712
57 55 51073486
83 69 323420118
77 39 97796492
5 53 483805108
17 99 80005780
3 85 938854228
17 55 104269846
3 5 568679834
87 93 281917372
17 11 604287778
99 97 101144430
89 45 313397906
89 27 935712204
7 97 103975732
79 39 524707960
33 21 414632680
1 35 226114326
35 71 967260372
39 27 472109718
13 81 670025176
37 93 474711204
95 45 908881006
25 67 465356844
19 43 203963222
59 91 147036632
15 37 275140226
57 45 274152460
47 87 884297142
95 27 688612946
59 71 756145870
1 25 395394160
35 9 858075348
51 37 553993958
75 63 25493326
83 1 86135124
65 75 869529028
37 13 577896208
73 83 55226870
55 23 485267290
37 73 732911554
63 57 548854504
31 67 934155594
89 71 457448010
35 17 117892244
41 35 828937218
11 77 969412474
69 29 983939944
73 17 291117300
79 27 512139998
45 25 505397508
53 7 104604394
63 19 581970304
15 81 799690408
33 23 479586172
91 69 640433844
31 39 537142426
19 87 521449864
27 67 499990106
33 33 50046012
65 17 587422988
77 95 646083698
15 33 799550562
67 87 318004622
47 49 94316360
47 59 144568868
1 69 294094214
15 73 497362354
69 39 144501060
73 23 961781536
3 81 135342288
85 77 504847102
65 19 753457358
91 37 274906668
33 55 8141408
91 99 972566274
7 3 59640066
17 51 237580598
73 95 377293950
17 57 494704592
19 75 857368824
99 21 190602492
97 29 825659226
9 13 42240298
35 5 372069574
1 11 416228400
39 11 47476216
47 77 479334706
21 15 818838196
71 29 694176462
79 97 470693734
3 27 702501898
53 53 134976432
31 51 636075554
55 87 893221464
97 3 809903628
55 9 616792186
75 23 965518528
37 21 786224696
5 75 528325552
13 35 30137388
65 25 360307426
69 3 24106838
95 99 341582992
5 23 334027618
7 37 76596982
49 33 492544720
99 35 327779438
23 23 365973672
3 11 451496216
89 1 452852628
75 17 406883782
87 1 632522216
27 13 967014048
61 79 742584778
11 91 733151358
87 13 48203832
53 31 805559538
51 39 530542436
7 15 82374252
81 91 715918968
3 21 162131018
79 75 996036088
11 7 336499276
35 67 333358324
67 13 277426280
17 47 98315444
47 81 470281580
49 95 615537276
71 25 353967038
73 93 41309168
89 51 482059894
55 91 478716
47 3 741605288
55 1 592079240
67 15 526188362
81 85 20249164
61 27 163917112
71 49 19732404
91 7 595012894
81 75 23380958
97 81 709677172
87 3 515540570
53 95 561634256
37 81 201970128
35 51 557026086
63 27 264501158
17 37 822145188
9 67 722571992
37 55 662083690
67 73 819398816
9 91 179638022
73 27 551691670
97 69 365660174
63 99 950693272
91 85 969788060
21 51 512457024
9 29 408481018
27 47 115740344
85 65 144031818
7 31 159432762
91 39 55448390
55 53 710838474
89 47 52935440
29 33 827277832
9 69 794983388
41 61 112477992
43 51 763779030
35 89 293047432
7 77 432061236
77 57 910370270
67 19 979524770
17 49 756138068
87 65 474184688
25 3 612243898
17 71 295251764
17 1 254409142
53 81 561619960
93 13 107345792
53 51 251983056
11 95 451785374
3 91 826738644
75 35 994113076
47 69 714140042
75 83 742233004
53 3 526427902
3 55 982427092
49 35 985522922
79 51 375741562
81 17 254986276
17 15 836898696
21 83 100914746
35 59 914511242
51 83 404462426
59 61 529708158
79 21 314680702
61 45 564910328
75 97 54359112
93 27 721778576
89 23 878835576
75 75 23258280
37 23 194000428
99 5 563061606
97 45 865073562
19 49 105368852
19 5 93945804
5 31 347732456
27 17 73406022
27 9 51809154
9 51 888057998
67 5 893162228
65 67 185108218
25 81 872347524
99 81 190201126
67 49 835423498
41 55 303281944
97 71 835245060
93 53 309489436
39 63 424360386
95 19 400223068
5 79 50091818
89 11 700011618
11 11 881907626
25 25 802888900
65 21 924497890
89 39 162463118
37 95 905380804
73 11 824680174
83 87 561295426
15 13 73458844
43 25 949671372
3 83 101893158
9 15 286694546
29 23 40758464
93 29 419127810
5 85 198938418
81 45 315131566
89 21 384623096
17 25 107145300
39 93 815667320
45 15 27095984
45 9 3411800
91 41 543648012
21 13 535233478
27 77 909744730
77 23 426727554
89 13 401882956
5 49 288951910
51 25 441834242
9 3 232751678
19 45 318268212
17 89 746326958
63 29 697098650
99 73 154562216
37 41 506701040
11 65 774047898
99 53 469504268
47 41 990231966
35 93 413530890
39 95 158295890
79 85 145523978
67 93 275504190
41 63 309043450
13 1 419899150
41 39 201281190
67 83 899527820
77 75 644579392
63 89 133703010
89 53 341614746
97 25 957611434
57 93 923414314
59 77 722051348
87 91 350049104
87 9 646566434
99 65 178296402
3 17 818198774
33 53 8754560
95 95 573592434
17 45 768927072
57 47 328751836
45 3 725729080
27 97 215523860
85 85 491054906
25 59 39435774
47 1 449855454
21 23 491916520
3 59 46832502
45 71 545214818
67 57 540889958
35 11 529664402
29 31 431691774
25 35 181951034
27 15 470744470
27 91 20345550
49 97 490139118
23 47 361805768
67 7 232130450
59 93 819177480
41 71 953198924
7 41 233447666
35 3 496504882
25 49 213178464
61 83 796784850
15 75 589516038
45 29 554858450
21 21 459824846
49 1 858545122
79 11 136304736
51 65 73081024
39 85 785385578
89 91 217106904
5 17 85926394
19 83 43082080
81 21 390667956
65 15 497897266
29 53 699105348
15 93 118660082
43 31 747945242
83 65 246586526
27 25 252731958
57 83 374427148
69 25 950707670
41 87 58027952
81 41 658688316
31 11 644628100
41 17 963278196
23 87 731822094
61 1 370210570
77 99 762662354
43 69 942446010
41 67 268437020
25 19 941862148
61 63 955750926
91 5 498765300
79 59 356693558
65 65 257171796
79 41 147688750
23 43 203188676
31 21 388627812
21 59 118144576
81 87 274472176
97 55 808166338
19 91 226701280
27 57 728997010
41 5 582622530
59 43 467754862
31 13 610281508
57 41 217316462
95 87 853712014
61 73 918754406
35 27 859182126
63 25 533409974
43 73 17290986
53 45 32804504
85 33 757740928
39 67 957781886
53 13 622270940
99 67 211174564
83 27 29797412
43 49 25704278
37 5 129883880
57 29 766185092
61 13 633357710
13 49 913145220
83 35 866075160
21 75 113103842
53 21 999617336
41 29 49492754
29 25 299780290
63 23 579290748
93 7 545841546
53 47 116785944
29 91 896031536
71 19 334203152
39 13 267490660
11 83 63549062
51 93 154797180
69 69 605341602
69 5 428587398
51 57 339584826
73 47 769536792
63 15 81773580
73 77 106971134
19 23 284502286
33 61 884872440
55 93 912541902
43 41 830906638
29 15 147991728
95 75 972367082
61 77 824037176
97 51 533167620
53 35 822402494
31 59 126635880
71 37 188310518
71 69 717176784
7 39 678251812
53 19 920219712
87 29 810014050
65 37 920747508
85 89 38496842
31 37 610829250
51 55 155941516
55 65 401804360
39 33 78702018
87 75 672248634
43 15 704584768
99 69 841109698
17 91 980612884
77 63 934312606
39 73 546413280
53 25 325384276
23 97 167899620
69 61 493120780
9 17 916971444
19 3 390449658
41 41 631999672
75 85 51971912
91 61 232854408
3 73 154340528
1 45 743639992
45 41 814761588
81 9 60854854
41 59 113973312
3 15 906308810
3 75 786831906
37 27 454584646
71 85 292366054
43 11 313117566
81 7 454685422
53 87 624578658
47 85 64526056
49 81 779512790
85 95 14324764
95 67 777954702
73 81 930702850
81 39 416291354
31 9 365604462
45 49 766842234
85 53 117372798
79 7 371866352
71 61 102407060
25 33 325394138
17 63 322415918
7 63 980178942
25 39 444263870
51 41 27520594
31 15 641042050
99 41 903998764
93 69 217656082
41 93 227103004
29 77 744154300
17 87 530640508
65 41 560934498
7 87 477914908
19 99 520897312
67 51 816851920
25 11 718667578
87 45 906745792
83 7 76221998
5 5 769565588
71 13 788201996
71 93 374633032
89 95 201479158
57 33 107125794
43 9 175607072
97 87 612012272
13 63 13381958
97 59 661573694
39 61 935457232
47 43 821801090
57 91 398783330
9 9 7446056
69 51 905333512
69 41 732186554
21 45 459648008
53 43 274130748
35 73 26555254
89 99 978797558
3 3 956056156
1 77 830452448
83 79 645087868
87 31 383270238
91 83 397659284
55 7 990900910
73 69 349544886
69 21 341291098
35 39 703738070
49 49 216048662
87 87 431442470
89 37 655194448
29 43 53656588
21 49 338519008
43 77 539695564
73 73 4075364
61 9 126230272
49 61 736453730
75 53 679431076
29 47 765610568
93 23 601688046
21 7 617032506
61 99 116430248
17 33 325177324
91 79 810562278
89 89 2476980
1 1 928405182
33 59 900007370
69 33 26314102
83 17 293632220
13 41 706746360
59 13 102581962
67 91 883532488
13 23 93282478
85 9 755291848
13 13 747007774
67 67 297439464
19 17 775472656
17 93 77323630
97 97 54756224
39 39 592367236
19 31 652074896
65 79 562123852
75 27 19786472
17 95 87141620
27 11 102857890
3 39 61273668
3 23 792898538
35 63 905590308
93 93 739178036
57 57 23066810
41 1 711079638
69 85 199871010
55 67 955431078
77 5 936296984
91 51 899703924
95 9 381587448
7 75 832994432
25 91 83164168
71 83 874588212
43 43 882404828
53 1 323043840
43 93 565784834
1 57 53036632
87 63 177295492
91 91 723547474
51 73 302700418
11 49 545500042
71 75 407683946
57 97 566214108
95 35 855307076
13 83 902867154
35 35 392674086
-23 53 792273780
-53 77 77678996
19 -51 480355618
-23 29 953159148
-63 87 31625498
-61 75 141001560
53 -77 183804068
13 -45 993445610
39 -35 142876240
51 -51 767147608
73 -3 896348690
93 -95 386057166
83 -65 366582368
81 -57 892110114
67 -21 897123842
-9 73 217641750
75 -97 401741720
99 -71 459949916
-33 77 506766218
41 -61 129179904
-81 69 971167670
-33 65 827243138
15 -9 875394072
15 -55 586100806
-31 25 433049424
-49 41 768149304
81 -65 747934522
15 -17 193282226
1 -13 179419772
-47 27 332136662
-3 91 587863722
-33 55 772007702
-71 53 791527280
-73 17 708897902
37 -19 401767164
-59 15 936271926
-79 93 655472474
77 -93 165970170
87 -77 945712774
-35 99 725350296
67 -17 941061390
-19 1 931255418
-7 17 432910274
7 -89 391408178
-93 69 68093362
29 -13 506716368
-71 9 565614956
13 -51 929439260
-3 97 133051176
1 -5 160035954
-5 63 446620058
-35 89 740120316
-79 71 854915380
59 -85 681063790
3 -59 227354590
59 -51 804455922
-67 25 331550132
-43 49 759052328
97 -79 306360890
77 -61 271564266
99 -5 22922040
13 -97 636254734
7 -3 838925680
-7 49 815207814
-71 7 90236180
-7 19 741794778
13 -19 110122952
29 -27 699748028
51 -5 727613996
57 -89 80843464
-67 99 725724062
-83 5 326167936
-91 59 134372690
-57 21 77268422
-55 53 140341416
1 -29 341152902
33 -27 558683124
89 -51 865573206
-75 23 528021320
-65 91 470096940
-89 49 172794516
-69 55 907512618
-97 29 574826824
-61 67 384671802
-43 1 299589130
-53 75 242583768
-63 13 25591070
61 -43 830318644
11 -85 217076168
-23 37 58394036
73 -67 511639500
-21 61 905467996
45 -1 449334210
-69 39 192502958
93 -47 248032420
21 -71 558506586
-83 49 286666090
-3 99 22483640
-67 9 201472130
45 -81 935378468
-55 9 579915742
-27 73 822605038
27 -89 717008326
89 -81 717531798
-67 83 827420130
-13 67 74065692
-33 39 141095992
-35 47 850207102
35 -73 685724444
81 -95 195874480
-1 71 406341950
-87 39 103910360
29 -93 382961506
93 -7 238554262
-79 99 458605832
21 -25 78859856
43 -51 432864090
9 -85 556876054
43 -55 771204226
-93 17 90921616
89 -63 461036904
-55 69 760381920
25 -49 282159518
53 -85 68671652
-35 49 966126906
85 -29 49795848
-79 69 366524130
35 -51 256025812
1 -47 330818978
71 -7 854610234
-45 89 306961062
-91 49 869574980
83 -29 489235162
11 -87 412946382
-73 61 33020626
65 -85 489059008
3 -13 168481860
33 -7 930118438
97 -37 290334060
37 -13 820251476
-41 99 619102482
85 -33 618597374
-39 71 336673454
43 -69 937971106
-75 15 457333868
35 -33 495532106
-95 33 137860928
65 -27 210451594
5 -55 620731690
79 -19 596258192
-85 79 245173810
27 -87 416686552
-47 35 231117952
3 -45 699400710
-89 21 40220906
69 -73 190010414
-33 47 500666254
-51 79 333917940
7 -51 694251296
45 -59 578157920
41 -7 63779340
-27 75 599566558
11 -31 498813956
-13 25 121166878
-19 63 603249002
55 -3 998474368
-63 69 715650970
-49 79 306045484
-63 27 490911704
15 -35 168592862
-43 7 618223710
-85 55 707707462
49 -23 637367552
-71 35 875181456
-61 35 815130764
21 -65 324869736
89 -25 115056118
-59 75 706755244
-93 15 197727588
-35 27 398423902
23 -5 381773884
27 -15 598347376
79 -11 194415112
-29 75 563295472
65 -63 76630328
-13 81 7196398
-91 73 476537304
73 -5 205639846
-89 15 116877084
-39 7 821414596
-95 39 117869714
37 -29 950469402
55 -97 952532808
39 -53 762526662
-47 29 420052768
-81 75 74747524
11 -79 627365536
27 -49 406498348
63 -95 882566800
51 -27 456426376
39 -55 763734688
15 -71 828944070
57 -37 318924722
67 -57 74183410
-27 31 126286596
99 -51 391151460
-23 69 922351780
-33 31 369976430
13 -43 5093566
67 -31 214071108
-1 1 627673632
53 -69 143027332
71 -61 387703490
-9 29 963019644
91 -13 769921012
77 -3 104178320
17 -35 745880768
29 -37 377268602
9 -23 110289454
39 -27 797212666
23 -35 50863578
65 -65 143213522
-93 39 511140974
57 -65 401147716
-37 47 340768876
-39 83 929588868
-65 37 446324378
23 -3 699073462
-7 73 25410640
-57 75 453956050
49 -67 977534776
83 -7 571266594
-69 97 13883760
-93 21 984439188
-31 99 25788012
79 -25 644942716
61 -69 907115488
87 -17 204426396
-13 19 660011838
-63 79 918431282
87 -31 348824040
71 -47 69306508
21 -29 594360524
-53 43 383613634
27 -73 882032910
-47 47 538188844
55 -35 578424292
13 -31 374540662
-93 85 742915042
-95 11 135977142
-85 41 820556808
93 -77 27995548
-53 95 360719846
-15 59 979291608
-35 73 671891666
19 -97 763976380
-65 33 867977570
-17 7 289699906
87 -25 878243046
99 -9 826276292
63 -45 796714256
91 -69 67453592
21 -69 859014550
-71 71 747385264
-93 7 185340352
-59 87 821029482
-73 15 415438924
53 -57 8188460
-17 37 22242146
37 -77 3381706
89 -47 853694358
-75 29 293788450
-41 15 134963692
-29 47 430721862
-11 87 970830710
37 -59 4051280
35 -17 247609580
-89 61 845535632
61 -67 836031622
-67 65 859073934
33 -67 727070120
43 -49 462099260
87 -29 389786918
31 -51 684778132
49 -29 109288024
-55 59 594073942
51 -91 139891584
-79 83 919900890
-71 45 655439274
-93 87 867439364
89 -65 935061638
81 -9 337045396
-95 73 627574728
89 -5 231547270
29 -77 717360636
-49 23 200310586
-17 95 114389554
-89 97 517417932
1 -27 869625212
61 -55 180134810
21 -41 544131074
27 -57 138527804
5 -1 220694918
-11 85 129089400
-31 65 941563128
-25 1 342005068
-69 49 254697180
45 -17 577734700
85 -81 299983382
-43 87 7878226
-39 25 631802422
19 -63 170712152
-91 91 151802760
-33 69 818885786
-31 35 413427504
73 -11 412176226
75 -63 810939440
55 -19 274040860
5 -5 368474994
65 -37 444828928
-15 81 564793976
67 -81 507652648
-61 79 252069462
29 -31 670201400
-51 81 167876914
-9 85 884894724
-13 63 675225634
-39 13 520144552
-81 61 588683836
17 -89 918133580
15 -37 501637868
59 -11 438129548
-37 93 299999704
-43 93 497148250
7 -9 605831942
-89 19 609353442
65 -55 764826720
-71 27 760785450
81 -23 80223632
-29 67 834000676
33 -93 620635718
49 -1 982960978
-53 35 38111614
-97 21 529150532
-15 87 115646400
-13 5 227649308
81 -31 78169880
-79 5 837752262
25 -45 18366630
-75 59 869549690
71 -23 449842274
-35 25 532007354
-79 65 779006734
9 -3 637447732
-83 51 994131638
73 -83 210713688
-95 17 127796616
49 -41 235191466
-1 13 366663280
37 -91 899252786
-95 49 147040294
-79 31 481565160
11 -3 565765252
1 -71 873607074
45 -57 277836146
-63 99 900935676
97 -45 454171402
-59 39 770029486
47 -39 795873952
93 -97 434862344
-97 5 181143956
-63 41 73828506
-89 77 961520972
47 -59 824549786
-91 17 774367598
83 -45 772080392
-45 23 181800496
-35 61 417667580
5 -93 325518856
-61 47 24011042
-19 71 488006558
-9 17 982707098
-47 63 988022726
-9 25 148702374
-53 89 442802938
53 -93 67479036
35 -23 875298480
-47 25 247468002
-41 47 768424164
11 -17 449922840
87 -79 145474250
-5 25 59181814
99 -7 481387486
23 -55 90492402
83 -91 984586850
27 -93 547322324
65 -3 347057444
15 -57 924375406
1 -63 941504682
31 -15 700830404
95 -21 241232072
5 -31 676513374
19 -93 185022128
-27 17 391766302
27 -91 578686388
-69 11 681469222
-33 45 686348984
-43 53 672126282
-29 5 185167834
1 -87 131193948
59 -29 322831010
85 -79 460538494
83 -21 151524128
-85 71 795824984
-33 67 914027632
-41 5 486130850
59 -5 461923106
49 -5 43604914
23 -7 730271404
41 -39 765869004
-35 33 966496200
27 -53 332626048
-63 5 575064880
29 -41 254747210
37 -21 972440864
-93 25 116265262
-55 99 52092822
-9 27 549789338
-47 9 625291882
-27 49 946648608
79 -57 623323564
69 -35 529659206
-39 43 742168544
-83 99 245416336
71 -73 196559082
-37 91 85388756
5 -69 688966202
65 -41 976774652
-35 3 420495676
23 -15 576199760
79 -75 77490702
91 -89 955794590
-79 47 378223530
21 -9 886623798
-75 35 61378138
13 -17 791187470
81 -83 104284330
-39 75 580904934
-3 45 273702804
57 -29 95399742
-55 51 916793628
-73 67 716820424
-17 17 121892556
67 -7 700266458
3 -41 193478834
-69 73 870395094
77 -19 689414486
-1 3 127209218
87 -73 369884620
83 -43 191762362
-89 81 521437336
5 -33 693053256
3 -31 766392478
-51 57 317744880
-83 85 547700866
-37 5 751540380
-15 61 998268336
-25 83 973314804
51 -71 555763620
35 -85 86611558
-37 49 623986716
-97 99 40759280
87 -55 163036020
33 -33 755162752
29 -51 100761170
45 -97 406402756
23 -97 40609840
-81 37 106643856
-81 27 243958076
47 -89 121700762
77 -59 316266930
-75 75 999627692
-75 67 178312424
19 -23 728812036
7 -97 701328814
45 -27 195547616
-41 91 386005864
89 -79 301699852
11 -11 27245794
-71 37 611019992
81 -1 29198582
63 -59 382367506
-77 33 179781164
29 -55 103061226
-47 85 562026944
91 -29 248178138
29 -95 877024604
-21 85 312351170
69 -71 308157924
-21 31 84985224
23 -71 607206138
49 -45 880754738
47 -7 1800918
5 -77 739865606
-29 61 79932944
77 -17 615138988
-33 9 825097038
-93 61 921674256
-63 9 229007626
1 -23 863872146
31 -3 383404800
57 -11 697629120
35 -29 744244860
67 -69 961140226
9 -59 850331944
61 -83 32093402
-29 43 70884650
41 -93 321693132
-61 87 880087544
55 -81 721548326
33 -31 377283628
-45 85 69329554
-39 21 30229336
47 -25 773877046
21 -75 448659644
-27 5 209053220
19 -49 89737654
45 -83 473545618
-35 65 780131474
61 -77 606868854
-89 95 967186108
43 -23 445468396
-39 81 850408352
15 -11 688241510
51 -69 267300626
67 -59 333562328
45 -67 201910094
79 -69 88509176
-39 39 56394998
-23 5 658923908
-71 83 224647824
-25 55 785183752
1 -83 876284884
75 -11 145650024
35 -63 379085656
-95 91 748781424
73 -73 693546676
-97 69 17673020
7 -57 269218312
-57 89 351750672
-41 33 448467038
95 -43 907392228
-45 69 923345280
-81 81 184768774
97 -51 411834332
85 -77 147607806
81 -7 828279918
9 -17 264839440
-91 67 844545574
-49 39 176715014
-63 93 261273254
-25 73 929966240
-43 59 743449814
85 -67 122405382
75 -73 662011448
57 -21 499337428
-15 29 584037656
-37 25 630197968
-19 11 592362674
21 -61 16841724
-17 91 982563478
53 -47 537063592
35 -37 110898104
-81 5 599943764
-43 9 9827550
-79 53 106503838
-95 85 66723528
-51 71 535627702
49 -51 275847548
13 -47 660481552
51 -87 946507614
57 -27 385120888
-57 59 227201926
-53 31 925861706
-25 71 346599488
57 -55 977448836
87 -37 554968018
-49 33 925015268
73 -71 538553780
-23 7 931633658
57 -5 535609214
-25 41 850584308
45 -43 878952660
93 -35 427780598
-77 13 560811380
-85 57 105420214
-27 15 384232500
-37 55 140927946
9 -91 60095054
9 -95 296349222
21 -21 120054438
85 -53 140555732
-75 55 459460184
91 -93 842308114
-95 43 921366192
-51 5 503805848
83 -33 307835670
-59 41 618875944
35 -41 108517482
-29 33 602226608
37 -45 531023366
95 -11 117124900
1 -95 156497002
-47 67 608876296
-37 63 367172760
-25 9 516735934
-27 21 413534320
43 -5 486556970
47 -9 758897496
-57 51 559994704
-57 29 814218788
87 -9 682115730
57 -33 367453110
-3 71 47696214
93 -73 874276214
83 -75 407107378
11 -27 192009048
-47 55 297654762
65 -81 163226822
71 -65 393325486
-83 47 720674352
43 -85 130937230
-67 35 818750074
-19 81 357316734
-67 47 575958604
-47 99 589567080
-61 89 107221440
39 -7 971041274
-79 39 380480914
43 -77 660904390
27 -21 742170656
61 -23 843612162
47 -1 105829254
17 -29 500530426
-53 13 654520256
83 -73 974338532
5 -3 749217736
65 -73 454951596
-95 55 142566636
81 -85 910563076
-5 69 233892894
85 -39 390959894
-69 59 192811022
35 -11 133146736
-19 75 550467732
-95 57 907142458
45 -37 164324226
-93 55 200630164
65 -13 53938454
85 -23 235775432
57 -45 744083734
55 -49 22554320
21 -1 664699296
-31 97 672125246
-23 75 822469324
43 -31 278082450
89 -83 723219330
77 -73 15341118
31 -11 807158798
3 -39 251565994
75 -17 69995720
-25 11 343393154
-35 31 832468972
-29 19 933439358
51 -33 468980172
7 -63 888164114
-21 39 393747958
-7 51 606963782
31 -75 539268438
-65 59 448848716
-75 27 679600390
-43 23 138259988
-9 63 954592116
29 -89 317369378
99 -15 511191216
-87 97 97497692
-29 15 560089136
-13 53 966189004
31 -81 427352332
29 -33 800227760
47 -23 73589406
31 -41 20878702
-89 75 910455608
-65 7 981639986
-67 31 41788552
-97 35 199775816
9 -75 52212330
-35 45 932659490
-29 39 520788706
67 -77 75004456
93 -75 728263118
-21 29 318829372
-65 47 296624456
-49 53 74706244
-77 97 293620404
33 -89 156834288
-11 41 646096166
-91 89 342818138
59 -3 198804018
-61 1 91759110
-95 25 14392204
-19 73 225046882
-91 29 456546090
61 -5 586261934
67 -5 391161494
63 -57 920635238
91 -39 985960662
-63 59 76044780
55 -83 377797448
89 -95 456818776
-41 37 183533618
-31 93 234364532
-13 73 944673996
53 -19 655810098
11 -23 334976612
-25 99 38206048
-19 25 912319802
-27 83 263600814
-85 95 717392002
-83 13 471525268
65 -53 189673512
17 -59 892653988
-3 89 165897826
53 -67 327748766
23 -23 626686360
-93 11 768838174
61 -45 394619498
-95 69 548394210
-55 27 478154138
1 -69 775261226
-59 95 422704908
-31 59 167873474
-29 27 332788728
-19 99 786341860
55 -57 318950164
-19 31 605329566
29 -79 536822282
-61 17 101388426
-9 1 2652560
1 -39 140234240
87 -67 564712930
-97 91 228437084
11 -81 202518742
73 -23 100398062
59 -47 937024794
-73 13 126223630
1 -65 886447644
51 -19 470726698
-45 67 538431372
-35 57 979906866
63 -43 986896940
-65 35 79008586
23 -9 363919584
-95 77 210072176
75 -9 323158258
-51 15 633374540
-41 53 430971432
-3 33 316209570
13 -69 168809492
-85 67 873949902
-83 57 52700172
73 -15 568443064
-59 21 54752870
-73 25 816702880
41 -43 379106108
91 -11 26324924
-9 61 186431720
-85 93 528780202
87 -87 806363576
-17 85 614434450
41 -87 105411790
49 -79 358866146
85 -91 300426674
27 -17 121161498
47 -43 584449490
-5 55 931673902
-11 71 245312960
59 -35 480602302
-31 27 201275354
41 -13 32229086
55 -77 256720400
7 -7 54019016
11 -77 524233386
-7 5 341520882
59 -71 104193730
59 -25 55942462
21 -45 446127550
95 -25 909002690
27 -83 195371460
-43 11 475834488
-37 3 685872874
41 -45 999571390
-63 85 873264468
-35 63 73680412
-59 91 105892886
95 -1 307594360
31 -1 738803632
3 -61 299646482
29 -87 267512260
23 -31 472005302
-69 81 249475986
-61 45 266671438
-93 1 416736182
19 -53 788434088
-49 13 430191566
-41 23 105035098
-47 43 945552766
-45 5 831890350
-29 79 687950864
-33 97 858802678
-9 91 614709312
-53 41 606652114
-55 21 540615312
67 -49 788685812
97 -43 109543978
95 -77 369194644
31 -37 346941400
-97 61 764954484
-45 75 822462282
-39 79 429087646
-21 49 939313652
-9 83 436393872
71 -33 735883748
93 -39 523281700
-45 19 315318412
85 -49 321955226
41 -41 237517348
47 -55 511553560
69 -65 115569556
81 -59 787145498
-93 45 925693660
21 -23 740585258
-85 7 210757444
-23 87 98450944
33 -79 655382214
57 -31 151000654
41 -3 665821764
49 -49 576289976
85 -7 446927764
37 -53 996460706
-7 35 369388864
-89 63 69518420
-59 89 27905214
-37 99 948454308
57 -19 233540914
9 -73 465345630
-1 83 771199106
17 -71 602897792
-29 11 847780638
55 -45 809197524
61 -41 253030738
-53 15 164161268
-49 73 554538894
-47 23 46637012
3 -23 739664388
65 -87 506460032
-83 79 950979682
-83 59 330429868
-75 65 866277820
-61 19 504611008
-65 67 608224230
27 -13 887207386
-53 5 778423810
57 -41 592830624
9 -31 530349182
-15 37 273461312
43 -87 84895086
-9 65 467336952
7 -79 468718078
33 -73 580941360
59 -61 407354062
-67 55 586217992
-9 77 823635342
33 -53 875570228
-83 15 519253396
-35 77 296349594
-23 27 873978632
25 -1 230520778
-23 31 936374268
-63 91 195540212
63 -11 326425080
-41 85 373548454
21 -35 430810720
21 -63 139720802
-79 37 603519392
91 -77 409347702
19 -35 38294756
-75 43 962510166
-27 71 529146060
-95 37 511342222
39 -71 975193866
41 -75 851529984
-63 39 642303468
-35 41 829706412
9 -65 694508398
-69 57 374581328
-63 33 449460536
-77 71 496335180
-61 9 83644118
-19 5 708216942
-9 71 736774832
35 -69 51940200
85 -51 21381724
-47 49 810898596
-21 7 217587564
-89 83 587661440
-3 29 964485814
5 -87 553155956
59 -33 781110266
-23 97 107702022
-17 39 363659228
-61 57 441780542
-37 77 500386918
13 -71 703019840
-79 1 776001816
49 -17 652865530
85 -5 576788770
3 -97 902011160
-79 79 484771494
-13 33 146009990
3 -11 672964818
-79 13 983109596
-23 33 405078062
57 -63 956750936
-53 57 648789584
53 -35 970084926
-47 57 297921714
19 -33 728394188
31 -89 158107848
49 -55 435210042
11 -47 35767654
95 -31 734837232
27 -69 674766464
-5 9 342399654
-27 35 94768500
5 -91 663143952
17 -63 738224656
23 -81 775165634
-41 7 753120408
87 -49 246315950
-25 49 713228976
37 -51 689590260
95 -83 112393718
-93 93 464973618
51 -3 31217620
77 -23 261310526
-91 45 432950520
-5 81 722172858
-97 71 255238990
11 -75 849707888
83 -41 853507786
-11 67 183562512
97 -95 12593160
-17 31 339508426
-81 53 118889540
-49 21 795684800
33 -25 986056252
-51 17 83844498
21 -13 501989796
-81 87 427929538
79 -5 144934986
-67 69 713716600
69 -59 837828656
35 -55 418065738
-61 53 202260944
-73 19 262910908
53 -17 581183050
1 -85 350127656
-43 3 473310152
17 -31 5757332
-31 21 242857594
-71 61 361512096
-1 75 156202974
61 -75 104717586
87 -41 583070302
-41 95 572678656
-15 91 721594236
-15 49 148226264
39 -5 252839556
95 -71 152893280
-21 47 517347754
-93 81 567047924
-23 45 73865314
37 -25 949925526
-69 25 7709314
29 -85 804898832
-71 33 318052078
-79 21 324764900
-1 65 674345994
37 -9 601170906
-95 95 884323148
21 -37 705707688
-81 59 430322804
89 -37 545238132
91 -83 604966194
5 -49 146742056
-27 97 894446990
51 -39 819229592
-69 75 21731802
-1 89 805479594
-21 71 248899934
93 -55 907039918
-21 63 237578778
-81 47 531195322
-79 59 553332632
71 -35 750476268
-89 79 376589314
99 -91 844004564
23 -87 112559072
-97 51 48616100
-49 47 872304172
-41 93 663801098
-93 57 812601954
-81 77 19783346
71 -95 735788538
-43 51 281103464
3 -69 774053200
79 -87 818781308
13 -41 796900446
-15 9 224644222
65 -95 852058070
69 -69 260188440
75 -43 539575664
-43 33 770373486
-15 19 911407826
-97 39 898103110
-47 31 601574542
97 -57 23284768
25 -15 816969628
-67 67 651764738
-93 3 699650264
97 -47 145362868
11 -83 704671158
-27 59 633235390
75 -7 133771174
-11 89 428102058
17 -19 513622726
-5 35 550578152
-51 39 927342830
-21 87 40019656
99 -11 884972866
13 -5 410983228
19 -87 723385832
-93 43 331077462
91 -87 481473474
35 -13 444255328
-7 95 632418716
1 -31 22066326
75 -21 28171704
67 -89 684265074
-95 23 798275708
3 -5 326374570
21 -43 397191300
-77 19 770948502
75 -55 818318378
79 -7 113570922
-5 83 151506046
-15 39 8527892
-85 97 176612670
-63 61 591405984
-37 43 119356704
-13 89 139531786
-75 51 694773072
-9 57 565512612
-83 77 513218966
-47 17 616864354
37 -5 51276052
67 -97 579441134
59 -9 470771832
1 -75 803972922
-11 33 100464936
73 -75 932972786
-19 49 962062786
97 -75 997255924
-95 79 895644308
-27 25 238182688
45 -75 89263926
71 -91 60266216
-47 87 173064904
95 -57 72552496
-83 65 542905200
71 -93 358770552
-63 95 331016398
39 -61 925568404
-19 59 202975108
83 -93 953288320
-27 13 814555748
-45 15 19955864
-51 83 784499354
9 -1 935469450
19 -57 811875334
-27 79 566809870
-85 31 176168896
-65 29 601988554
99 -75 838603806
87 -7 291980384
81 -33 263862690
-69 45 818072716
33 -39 558265276
-93 99 713430222
-57 11 939206668
51 -59 125647142
43 -35 754407240
-55 63 215260002
79 -43 606340388
27 -3 279038798
73 -63 879526260
-69 85 144877342
99 -23 632268264
-51 45 566570780
-57 91 172753236
-7 61 944907576
55 -51 620917882
67 -27 439090886
-9 67 440413276
95 -55 760165680
65 -59 722424110
37 -37 70685314
-63 67 315868136
91 -49 513960008
13 -11 953559686
1 -7 51648764
15 -49 962625422
-41 1 798287222
-37 19 829907826
-17 1 99442542
77 -7 567401158
-53 51 507213432
23 -83 147204984
57 -59 132985608
-69 9 769007090
-55 45 63352750
73 -39 809977716
-95 13 267868756
-87 3 786921346
43 -45 609436046
-67 17 613076130
25 -43 953383914
-1 7 834029574
-3 17 664548630
-15 33 189985496
-43 17 71086932
-67 19 404897632
65 -25 431399728
-77 15 881581576
-63 81 72014896
-65 13 699033968
-1 51 348475196
-21 77 170643944
-95 45 744373302
71 -87 63945078
79 -41 392339082
81 -41 957435536
11 -89 58343154
51 -13 260430130
77 -13 835412176
-37 73 234599150
-17 43 485613460
79 -13 379976850
-3 21 457173900
-39 19 930299594
-11 25 60897556
25 -81 568357506
-25 29 912536168
57 -25 735043442
45 -85 724749612
-13 95 85694914
-57 17 308598716
-67 29 918566994
31 -9 206288968
-33 49 641383416
69 -3 172539242
-51 67 488137798
73 -1 20078108
-67 7 67510436
49 -75 896338276
69 -13 402768594
19 -43 6744502
-49 97 403090898
-93 79 788081856
-91 31 20032916
65 -29 977258036
-65 61 402303120
-93 89 54182330
47 -51 663325482
-3 57 750965366
-11 93 48955628
-87 75 333679884
35 -77 655568406
-25 67 467296706
55 -39 655664378
-31 53 961821292
19 -83 672783238
55 -59 86224150
17 -11 347897748
69 -19 24240734
75 -91 175730492
39 -13 872046686
-21 51 856861266
49 -85 69819946
63 -33 624093724
-67 27 127956752
-3 1 912228974
-7 59 946912122
-29 41 334423980
-73 53 89993654
13 -61 823341760
91 -71 24689020
57 -1 13786158
-31 89 63961136
75 -33 33528092
9 -19 36875094
3 -17 365112582
-53 25 463552166
89 -97 523272046
99 -53 524374110
-59 13 61231076
-89 3 6753490
-77 41 880259028
1 -51 299998792
33 -47 142201674
97 -41 556196114
11 -39 871447692
-33 3 488724326
-11 21 600317530
-1 55 330979592
-27 9 213516398
-53 87 289831144
-1 63 370546972
43 -79 97191782
51 -35 701842252
27 -19 311888058
-25 15 972982314
-85 87 224537406
-7 11 367509720
-25 25 780710094
-33 1 994344400
93 -1 620555154
-21 79 325827370
95 -47 474058674
-13 49 241429266
-91 23 830831148
97 -5 924365370
-75 87 612053736
-15 43 415168534
-65 15 691878406
-35 11 202678392
69 -61 849707506
-49 89 279425566
-67 71 776990842
81 -73 410711482
45 -11 185711722
79 -65 207869374
39 -85 14988808
53 -83 490422786
-67 89 549478706
-1 41 940577538
-81 71 719817434
33 -85 852828608
25 -41 675808368
-91 53 145702794
55 -63 529377806
87 -3 953725806
-59 35 412520002
-7 89 143214230
-83 83 408251028
-41 43 173541012
81 -3 568508218
-5 45 486167656
55 -73 459345496
-81 83 174962468
75 -3 153028964
9 -89 740434164
97 -29 362978264
-83 29 654248832
1 -77 151413510
37 -83 77822562
-59 27 395968536
75 -95 330079258
23 -39 822813676
33 -59 994492508
-61 49 354920032
33 -17 949170778
87 -83 107732678
-63 71 343290810
-63 47 820618908
67 -3 741461042
97 -1 48890388
29 -7 234728536
-25 63 66144208
-21 9 109570856
-61 85 259749458
-17 19 911876026
-5 65 61373666
-65 23 93207898
73 -55 108689028
59 -97 44128386
-17 69 558082188
-67 59 574276064
-77 21 547844488
-59 93 641522566
-23 57 671642094
-71 75 101113564
91 -61 522642612
81 -43 87396362
-43 67 519355738
87 -1 840556594
-41 71 993322006
-19 43 671810142
37 -87 882712900
-39 35 392081406
65 -97 429345976
73 -17 25957204
75 -79 547065222
67 -19 69487274
93 -9 921918834
21 -81 606853826
7 -55 540365842
97 -73 462184436
23 -17 961588510
53 -1 532055236
-43 65 225186032
51 -79 780365552
-9 49 921568476
-79 95 159658710
-75 25 484257542
-37 13 460642546
59 -49 64021032
-7 65 968105126
41 -21 208045912
-15 69 398485998
53 -3 812660902
39 -81 384879196
85 -89 194681486
-13 99 107765156
23 -89 951843598
-57 99 661957722
-37 39 842662820
-39 95 64711238
45 -73 282919642
37 -93 355231984
-3 19 878892630
-61 23 840170652
-55 17 39403364
-77 25 524950698
15 -79 296052412
-25 77 376351258
-49 61 38788972
-1 15 422056280
-61 83 184284588
-27 7 93511656
-67 3 678365398
-19 41 82657662
57 -13 265091168
15 -7 925391866
97 -17 233435286
-71 55 127279226
31 -63 109882024
89 -71 706301690
79 -17 156165094
-89 89 592255860
61 -17 49378384
81 -17 650122566
-57 61 190795128
-93 35 238663270
-19 91 614812688
17 -33 800872272
-31 75 671755952
5 -43 569288792
55 -29 745895796
-71 19 219870408
27 -61 63250492
-93 13 730527806
-23 95 74567094
-77 27 152590538
91 -75 842912150
-87 13 893394832
-37 75 528123664
65 -17 788091812
9 -87 19403924
7 -61 11893530
17 -85 258788800
77 -11 219250576
29 -29 523513356
23 -27 932630128
-83 69 349328678
-61 81 59629194
93 -15 697442930
-43 29 316640962
-73 99 321767724
19 -85 27914984
71 -43 792657638
-15 21 470198250
-71 87 634802868
91 -7 960798332
-21 69 91085188
63 -85 81950522
-89 99 990449192
-3 15 527002364
19 -11 469664774
79 -9 187780884
67 -95 129945070
-81 9 66722660
-21 65 479102920
37 -57 501310618
59 -13 740872030
1 -11 486476406
41 -57 470696262
87 -33 50319702
-91 95 837309354
-81 35 501454030
-31 39 144343440
91 -85 143067804
63 -27 26043144
69 -27 212777476
3 -91 388418146
61 -47 105693952
-57 71 570568330
33 -37 588355780
19 -65 670291618
83 -97 105598362
-13 55 310167230
3 -95 200535518
-75 53 113219932
-57 77 274827544
19 -95 607709540
77 -79 665379238
93 -21 428132906
-7 43 514615128
-71 79 147602928
19 -69 63522620
17 -81 588597470
-65 55 339776410
-97 31 407832544
-31 7 536214232
43 -57 803263306
-57 23 636235836
-7 37 635312346
83 -15 186170042
47 -87 797751548
-29 77 791797670
-91 13 726943232
27 -51 603839114
47 -95 519823694
79 -81 102396694
-63 11 51949200
-49 11 989294690
47 -17 920121800
25 -33 400553716
-43 39 315560942
53 -95 69779092
69 -37 222668108
-47 15 257283614
43 -13 251641134
95 -49 835819988
-75 13 215809724
45 -29 201235148
27 -97 460815664
-11 53 378839822
-59 71 919654926
-97 11 638592128
-27 81 954874890
-67 21 387467564
75 -25 215616414
41 -65 82212232
-73 51 271137188
25 -97 722680830
63 -49 912038236
13 -21 340141436
63 -41 790417312
85 -87 633325196
-79 23 381191642
-53 69 348954912
-65 3 457140532
25 -87 774893888
91 -21 938836474
93 -81 615406124
11 -1 554117296
-45 81 471496540
-97 37 989693748
-9 51 56666422
-71 11 41554968
83 -69 437600698
87 -69 524313950
1 -49 678803442
55 -41 546874038
-73 59 948351964
-7 3 189194280
-77 9 920447174
25 -61 107641700
27 -27 91887000
-93 67 848261220
31 -87 738612068
-23 59 659367682
63 -69 21658896
63 -17 554308862
45 -53 8878436
77 -49 86354838
15 -87 443560742
83 -63 780325080
65 -77 720879184
75 -15 607382294
95 -69 650218156
-55 55 323434274
-37 1 824242690
-11 27 117258762
63 -63 952442592
23 -29 891687272
-45 77 800704744
-37 79 115140526
97 -21 775336796
-51 41 741614348
81 -11 647011496
87 -51 203369464
45 -7 331357864
85 -25 698368840
33 -55 873566600
-39 49 894762098
-7 27 632040476
75 -85 581358824
-97 57 687844050
53 -53 394096024
39 -73 45185700
71 -37 593016816
53 -89 801616984
41 -97 625110566
23 -93 122082746
-7 69 858425306
57 -17 613488052
93 -29 890474588
55 -61 205463692
11 -45 764323698
-23 93 251494450
13 -23 262498530
43 -67 917539962
79 -1 134334360
5 -17 55670334
65 -47 993989484
-81 63 346023436
77 -71 1458642
-55 85 34358994
-13 87 282187956
-95 31 778218958
-65 11 254183228
-7 25 593553116
37 -89 54890142
77 -43 161148006
11 -61 664432922
23 -37 440455048
99 -59 443993234
-95 99 113970902
7 -37 498798928
-83 9 182375510
85 -13 198215010
71 -75 517246468
37 -27 559538454
-35 81 301813316
-11 61 586841328
-71 49 720839828
49 -3 467590568
-71 25 964140776
-75 89 919801984
23 -77 876773258
55 -9 274393172
-19 93 120078946
79 -3 445442952
33 -91 542404568
29 -71 114879580
57 -75 186728564
93 -3 417970148
-19 21 721996900
-45 1 993790204
3 -25 26354600
7 -87 513798498
5 -39 447416142
-39 59 281957812
-63 97 685946488
-53 91 500225916
5 -25 64201798
7 -81 16645548
7 -5 450426242
39 -3 738299846
-97 17 988983022
15 -21 994945834
-33 23 253743924
-27 43 335101338
13 -35 571020290
59 -89 509308624
-49 45 824374798
1 -97 176928150
-15 15 367689112
51 -65 19821388
-87 17 744516926
-61 73 130115232
87 -57 130639656
69 -43 798430726
-5 87 839349670
-81 15 654482414
49 -31 74828300
-15 5 869648594
-55 97 27693484
-43 27 219020532
-37 27 31173646
25 -57 561783392
41 -73 14198628
61 -3 13635064
97 -25 287741806
67 -15 708652636
-95 35 760723352
-83 33 728577450
-31 51 516970550
-57 39 927946740
-91 11 851023778
-35 75 612324124
-25 13 948517442
-69 17 581890524
17 -13 348507160
-71 57 459324470
-75 3 845842830
7 -15 334287402
-9 53 998744446
-5 19 851357134
-81 73 586935760
-57 9 886430036
-1 29 788760248
-49 71 791801108
65 -61 877120578
-47 19 334328512
-65 63 71772368
35 -79 541548854
45 -77 15930510
-15 41 59527720
75 -5 60834774
33 -5 241478758
85 -37 770429076
45 -47 7040930
-39 29 316172764
7 -25 260867616
67 -87 846451100
-47 37 11729586
23 -67 832578610
35 -87 272173296
-73 79 106409240
-53 81 301095714
-67 95 792962652
-41 67 165491726
-27 53 407803648
-11 37 905541444
-23 89 190421360
73 -93 586004834
-25 93 83372862
39 -23 31876774
-51 3 43833342
-55 77 942782298
95 -37 905554722
-57 3 397160014
69 -31 561884410
-87 33 9692874
-65 87 142903596
-1 39 629622956
7 -73 624607160
7 -59 43257596
13 -3 101692074
-41 51 61883142
13 -33 420879234
-9 45 800741552
-33 93 505205450
29 -19 666250028
91 -55 491379134
-41 77 953708870
-93 31 281133228
13 -81 485505028
-7 63 157984250
15 -19 769231036
-27 95 600211750
-7 21 619517528
-87 77 22790836
-79 63 926748390
-57 5 876679962
25 -89 32389832
-25 27 201373224
-29 7 608326574
-43 35 355875856
-33 27 754890336
-33 43 132401514
-39 27 362152812
-19 3 468762878
-95 59 591167928
59 -37 296968288
-51 53 916657914
57 -87 493181162
33 -69 757241568
9 -51 694860708
-95 27 930746974
-31 91 5796798
-79 57 554534422
79 -91 15260936
77 -5 61544820
23 -11 310403242
91 -43 894954476
-21 5 866541164
75 -77 807491470
-65 97 136425390
-65 31 299896328
89 -27 158364566
47 -3 303104486
61 -33 522406296
45 -13 805764582
-13 61 555286426
-23 83 908128046
-49 81 659708248
21 -87 765420720
51 -25 311807492
7 -53 33864994
-97 47 569161688
