56
663 735
-603 597
434 -531
-506 -136
-879 -21
703 -134
188 139
-87 952
385 -644
427 -72
811 -884
584 374
-414 -333
286 -85
-660 -49
89 -713
-649 88
994 520
378 -671
-571 553
-830 580
260 611
861 637
-219 846
262 -842
-366 657
-272 558
244 -787
-469 483
171 925
-475 -337
53 -820
965 122
261 -639
-943 260
-10 -946
-8 110
-301 910
638 802
-27 926
-81 -818
-734 -572
-315 280
-539 -833
-468 -553
14 -6
817 -187
720 -840
-106 424
-854 -504
933 -332
-583 983
781 -121
670 -519
-850 496
501 393
-556 -901
-911 722
77 -806
-275 26
854 185
631 -602
259 -348
-478 -977
346 -374
277 922
-730 711
-370 -540
13 -999
-644 846
121 401
672 -124
808 361
-355 -97
-681 460
652 748
-64 -171
975 224
-773 507
-247 272
-901 375
-981 518
-796 283
-947 413
-396 958
-970 -267
-241 970
629 -677
209 285
-446 715
31 -350
776 -513
390 615
-394 -720
-450 226
-594 -541
928 -107
-703 -916
625 -984
-690 628
726 214
850 -118
498 -1
196 93
-576 -21
-756 -342
991 -505
-215 -57
918 309
456 139
577 -188
-791 795
463 -63
547 -391
373 920
-527 593
-757 -99
277 494
-95 167
-854 758
-285 6
375 -885
75 254
-55 -184
512 711
-79 751
592 -606
221 -728
239 -351
896 96
724 -50
-906 686
-683 991
-744 -550
242 -110
-75 -115
377 -811
-584 -906
535 629
864 -690
428 497
-465 -644
-12 812
876 619
658 -478
-209 589
486 -886
-219 -887
258 -294
-415 26
-458 978
222 40
833 -184
589 -204
-493 30
100 569
-432 997
-716 628
-624 613
721 548
46 944
-682 -99
-225 -421
-914 352
278 -504
-966 262
69 -631
-127 -88
