100
54 23 206 207 340 429 269 483 238 217 488 490 487 401 440 235 88 145 364 63 86 346 259 164 101 
317 78 380 472 197 126 457 64 328 382 128 80 140 3 176 447 297 414 346 116 113 407 280 345 27 309 337 287 121 466 453 488 476 248 420 84 361 41 246 316 34 413 464 148 164 409 35 113 131 199 258 174 247 499 286 204 130 494 184 398 275 205 135 211 61 10 201 131 241 258 281 381 146 195 144 370 153 150 193 470 
148 36 337 457 36 134 124 184 28 321 15 314 250 275 445 198 419 271 62 227 112 77 284 222 401 142 59 207 339 158 483 137 106 216 145 401 296 498 
366 38 123 214 192 68 67 239 318 268 217 140 291 131 327 66 177 192 362 183 47 268 30 128 442 130 89 171 198 83 418 37 286 28 144 106 33 339 325 425 
392 26 457 247 129 241 316 56 88 35 425 260 402 296 117 22 310 352 10 434 465 224 371 472 365 381 148 452 
307 88 200 427 9 380 464 234 273 95 88 148 347 385 310 334 369 178 63 66 31 97 111 404 368 180 203 280 282 329 21 217 236 329 449 105 215 10 395 260 372 374 231 203 489 267 69 380 148 442 415 255 253 52 462 499 281 454 40 209 424 343 479 385 498 102 402 86 258 402 233 500 25 396 410 353 247 97 78 389 392 254 292 346 324 292 460 149 33 183 
88 54 378 285 61 455 219 500 472 261 88 325 289 143 290 121 367 491 63 182 45 366 206 423 396 362 297 282 329 304 406 149 128 244 436 405 140 440 484 398 148 286 362 441 204 395 173 153 424 279 80 217 4 335 149 398 
4 18 428 381 125 428 133 275 21 172 91 346 413 371 326 316 498 83 435 303 
446 96 136 232 481 143 142 291 317 333 232 269 476 97 176 336 229 499 404 121 205 364 42 141 407 292 236 415 167 342 368 354 310 128 93 240 14 275 300 382 174 413 422 265 243 193 205 285 353 10 358 392 197 395 188 213 476 267 153 495 380 14 427 427 420 98 411 202 81 133 305 359 94 144 134 257 320 467 378 257 31 475 88 429 92 104 134 378 302 370 473 496 438 321 75 246 229 157 
410 56 316 441 112 480 425 111 242 256 297 271 265 171 134 418 143 217 62 100 186 337 398 195 43 0 220 247 487 427 17 88 365 278 429 185 380 396 339 415 69 416 344 224 136 339 354 380 22 382 360 252 354 188 102 349 165 231 
185 8 31 475 393 190 0 143 212 122 
470 29 343 170 393 26 206 210 468 460 214 420 179 187 314 198 350 417 80 457 92 50 371 223 288 286 293 279 499 459 31 
273 89 166 265 8 444 23 211 376 438 126 64 108 19 38 331 343 91 400 330 157 32 462 390 71 33 146 483 185 491 453 336 421 76 273 265 78 407 480 261 137 425 320 84 36 404 485 397 352 198 404 173 104 145 109 435 135 253 235 54 255 63 491 148 119 332 182 332 40 417 109 338 175 15 413 281 307 144 210 75 161 491 86 261 471 43 278 277 228 130 117 
429 70 256 79 72 184 387 496 280 74 64 267 0 436 496 169 490 40 6 44 8 472 496 498 73 440 295 394 264 427 55 254 355 348 60 370 288 198 118 206 253 374 394 451 389 128 357 242 373 371 209 455 415 246 442 74 419 215 420 21 324 77 119 495 411 142 423 147 54 10 105 200 
222 29 400 294 216 232 291 177 422 450 424 51 94 217 260 147 432 13 389 369 462 289 117 77 1 142 241 344 209 234 132 
252 98 123 32 75 278 490 196 410 457 445 277 83 422 382 86 438 77 69 129 283 260 438 47 133 361 271 368 27 166 249 186 26 181 39 194 212 447 409 171 264 124 36 346 441 351 1 258 54 148 129 19 251 381 164 111 184 50 470 106 410 420 199 455 81 254 153 240 263 172 263 19 458 401 425 162 154 416 105 316 1 263 459 393 403 62 376 214 140 459 194 215 342 41 498 332 362 492 236 480 
427 97 94 246 96 90 321 211 397 225 486 5 169 371 337 32 6 123 245 462 306 306 414 406 315 180 319 414 206 7 77 174 41 487 205 61 180 325 456 429 479 469 202 273 342 248 59 179 472 458 210 166 373 136 118 342 463 63 105 499 344 242 480 38 88 366 168 377 95 63 73 207 353 413 79 270 192 0 439 23 350 40 475 341 426 324 308 141 56 499 65 89 392 463 261 242 189 384 320 
308 24 95 435 389 114 402 208 349 284 58 300 209 331 424 7 202 437 72 2 375 11 367 171 390 360 
268 51 404 103 383 262 173 429 36 314 272 495 360 445 67 71 185 487 335 247 237 44 170 273 411 235 64 382 133 162 310 148 81 317 100 233 281 362 495 76 331 5 107 371 287 411 184 402 469 357 452 71 189 
85 74 189 199 54 188 361 335 43 460 47 157 308 358 122 76 254 496 15 252 314 96 257 263 493 164 9 325 283 63 416 64 397 124 331 122 27 176 286 93 84 154 239 75 111 156 454 343 337 106 88 400 64 396 310 446 345 172 22 1 155 127 33 229 10 465 235 196 233 410 133 102 321 411 295 246 
123 87 50 235 275 455 25 204 93 116 324 68 385 77 456 69 379 53 319 125 224 124 330 263 268 226 18 137 53 452 177 407 257 68 378 485 500 378 451 421 256 320 238 448 297 453 219 433 374 205 308 274 101 38 433 495 245 414 200 51 352 199 240 122 441 408 40 400 205 411 377 135 423 21 130 473 31 73 110 318 75 399 175 273 470 345 252 390 291 
216 15 275 45 282 226 287 118 242 285 370 354 295 207 261 478 192 
218 23 304 419 318 286 438 405 236 299 425 387 387 276 49 328 184 316 235 28 270 122 249 318 497 
360 34 474 238 39 323 251 361 423 94 169 423 220 426 445 448 108 326 208 328 308 178 398 204 264 283 474 397 178 310 336 202 415 155 93 153 
39 75 75 57 19 151 211 395 336 24 196 409 32 298 57 455 469 354 26 457 282 319 352 22 333 290 447 70 156 59 4 28 159 63 493 449 112 485 131 94 175 231 286 355 485 233 386 39 72 264 271 402 113 238 105 453 293 196 256 408 285 410 259 332 124 340 283 316 483 374 221 274 107 61 299 166 453 
289 70 243 256 115 137 140 80 202 375 386 91 50 323 165 78 495 113 418 489 166 184 80 491 363 476 75 332 43 268 361 5 386 303 118 490 129 86 414 82 137 7 407 92 391 160 432 394 370 25 36 133 21 381 304 74 260 91 31 375 224 182 99 287 214 309 108 67 43 34 106 97 
235 10 497 485 270 232 437 166 357 160 325 269 
401 2 189 252 
141 94 64 90 163 485 182 21 226 130 45 114 109 347 240 180 453 258 22 288 258 457 50 408 42 380 312 435 314 179 80 117 345 213 491 162 440 67 49 11 141 235 156 83 95 345 478 465 13 83 243 349 439 204 286 210 278 255 417 496 288 423 461 344 480 129 13 100 144 280 284 137 446 293 53 253 286 302 125 164 407 186 311 343 413 301 294 242 182 56 452 146 363 244 455 182 
415 45 229 244 386 424 107 356 388 176 243 234 480 445 126 67 388 428 264 272 296 22 367 250 137 260 115 410 97 96 328 462 290 221 122 260 287 251 382 203 487 462 122 462 493 453 67 
43 96 372 34 468 219 100 439 60 293 41 500 137 64 387 487 90 5 26 70 144 488 470 113 295 21 429 477 201 154 459 174 39 457 286 446 90 330 219 83 76 63 283 87 6 352 475 477 52 232 263 340 220 143 240 444 324 42 59 484 45 311 50 314 78 382 143 208 125 292 13 14 279 130 69 250 24 63 172 486 413 404 252 90 138 424 175 158 59 360 40 212 416 326 265 493 264 67 
115 86 391 281 75 88 228 438 186 252 26 319 246 342 312 219 19 368 379 14 343 183 351 54 261 120 60 76 95 361 276 97 79 93 27 494 447 299 61 199 125 247 177 255 415 12 471 145 295 113 250 119 261 83 124 470 311 56 57 454 488 205 375 320 117 93 9 138 125 285 496 390 79 279 466 21 349 107 187 412 9 156 387 454 405 66 386 216 
488 52 312 370 340 456 396 349 10 202 136 440 57 321 325 254 446 284 213 286 175 375 337 15 297 216 254 252 197 480 219 168 287 367 56 246 3 183 256 62 247 84 35 140 149 326 420 299 324 87 65 229 472 207 
374 44 498 405 143 262 18 310 283 469 412 392 355 24 284 96 447 107 14 298 163 495 253 358 232 300 15 405 500 50 269 134 330 51 151 223 174 248 202 187 319 23 266 248 95 160 
439 9 40 394 208 288 304 276 180 116 290 
296 5 345 320 463 52 327 
318 61 1 63 296 491 31 380 144 5 458 239 496 125 179 29 187 98 422 393 70 272 191 440 200 91 69 405 156 194 259 98 23 39 497 209 285 285 246 297 154 353 297 57 103 405 168 172 113 163 455 341 403 286 0 308 146 259 53 472 471 492 280 
401 43 79 287 333 246 442 36 491 322 268 297 287 291 2 25 251 126 295 310 251 69 136 277 343 393 134 93 326 50 113 459 328 238 15 227 500 112 288 48 151 200 223 176 402 
261 88 320 179 108 468 192 131 168 159 142 305 279 320 10 136 12 337 93 113 14 203 372 163 143 167 379 109 419 450 354 267 44 242 74 9 22 420 9 384 122 202 170 96 225 183 324 464 301 454 433 131 45 265 483 169 429 436 79 338 185 452 453 137 500 466 268 439 409 156 373 297 187 133 388 260 228 358 259 257 188 270 180 399 410 88 22 254 386 469 
154 91 287 493 300 159 313 174 328 302 385 448 98 53 442 334 277 479 363 243 244 361 275 109 493 70 266 325 156 44 259 154 58 201 87 106 425 370 500 448 138 74 147 329 202 225 296 200 269 76 283 2 410 4 491 311 479 443 348 395 254 56 123 398 205 482 29 88 58 197 402 384 35 374 472 101 406 274 489 145 254 18 220 67 90 312 92 227 202 453 471 482 389 
199 76 120 456 329 133 3 138 457 191 92 308 458 210 333 133 54 83 97 69 409 485 134 323 296 163 230 178 178 25 34 335 271 255 257 128 418 499 180 303 360 367 203 199 224 292 356 11 308 475 0 8 494 464 163 348 361 119 202 376 338 483 270 71 460 311 260 491 63 301 212 394 4 256 357 403 211 229 
267 74 171 385 314 319 159 122 382 108 301 199 47 217 291 389 168 280 347 432 97 267 224 296 460 456 380 14 215 68 98 105 433 244 167 363 13 199 433 6 284 252 302 475 180 77 36 371 477 346 401 331 251 133 497 318 49 237 368 124 450 298 206 88 481 369 214 288 90 302 481 237 126 128 439 342 
33 57 216 133 207 358 485 51 220 218 117 276 371 189 239 399 253 146 495 420 307 183 115 365 49 232 113 14 435 289 178 26 55 119 108 459 138 105 348 463 19 102 467 161 81 466 155 477 329 120 65 422 72 331 69 129 415 49 278 
118 100 491 378 83 210 317 136 206 313 83 133 264 178 324 62 40 103 426 169 326 400 182 160 495 203 157 164 443 222 265 64 404 370 192 285 394 476 64 362 316 40 490 375 481 242 369 66 59 126 129 223 244 202 246 161 114 390 212 378 496 26 345 203 305 375 57 37 167 346 4 488 304 396 224 496 469 273 180 276 442 102 340 150 353 489 178 91 338 92 246 77 307 397 205 64 337 96 450 164 444 334 
228 72 265 219 391 309 410 346 151 135 490 251 24 176 106 27 300 114 298 32 216 23 224 416 218 160 89 388 438 86 88 464 285 454 372 117 296 19 315 55 131 224 82 58 354 415 284 101 385 35 208 200 279 367 421 185 209 141 231 367 294 112 295 277 173 403 377 462 450 223 23 8 421 265 
178 55 200 372 495 12 158 298 358 349 296 147 402 321 454 302 9 417 494 443 87 332 347 470 107 389 66 407 202 329 273 121 315 415 140 444 175 73 302 490 115 500 334 295 497 455 184 73 250 187 213 171 316 200 212 60 472 
303 12 445 347 155 396 297 104 262 453 417 89 115 448 
334 86 438 158 134 365 232 83 31 357 92 334 277 159 472 128 221 456 372 51 106 280 143 450 435 241 364 121 469 332 486 182 200 318 214 240 376 495 317 288 390 310 312 440 135 123 250 409 138 122 29 362 47 153 464 46 321 496 32 332 167 322 45 44 94 390 147 254 123 201 388 389 3 170 293 319 7 45 154 319 140 113 477 17 319 448 302 255 
380 43 347 472 471 310 172 25 165 324 318 77 371 128 138 428 368 75 246 462 49 87 320 77 195 149 177 247 358 470 360 93 177 328 152 133 229 373 259 73 201 379 76 290 2 
247 55 402 119 241 149 60 304 241 399 357 414 27 365 482 495 355 356 34 422 339 58 112 182 416 215 84 132 393 34 174 294 359 30 260 36 462 245 12 206 325 57 282 42 123 33 357 450 67 21 4 459 330 440 406 461 172 
465 82 26 280 73 218 410 90 140 406 34 108 41 418 83 488 477 430 475 393 447 211 334 401 106 383 276 464 439 217 84 203 448 358 96 33 337 111 406 398 361 193 173 132 314 78 151 205 357 334 239 368 132 83 148 474 375 0 3 480 462 449 466 401 120 183 193 225 237 245 231 66 466 433 150 62 99 1 16 280 409 477 8 157 
385 44 286 234 106 144 411 194 181 208 408 481 454 97 307 3 450 215 221 208 241 384 307 4 206 395 176 345 364 298 94 452 262 68 29 461 96 51 405 3 35 307 102 489 435 266 
71 19 417 322 105 264 493 264 122 143 202 171 20 360 465 186 450 16 89 279 52 
256 31 415 39 381 227 259 134 301 65 305 259 314 346 66 1 1 37 239 216 242 427 447 328 113 474 488 167 197 457 203 419 53 
113 76 2 380 228 281 478 118 365 285 285 34 210 155 421 17 210 433 351 141 481 39 266 221 166 497 483 417 221 401 83 114 310 37 128 128 271 293 496 472 367 230 201 221 248 495 260 239 362 417 429 260 232 470 398 128 333 466 268 175 3 129 391 26 102 447 388 335 358 418 446 219 119 117 205 416 466 197 
313 84 359 220 492 95 314 464 172 106 282 96 41 53 192 354 78 209 367 108 394 287 254 482 474 47 189 375 130 236 132 78 260 132 81 323 224 223 126 449 431 257 336 46 457 208 440 239 271 406 491 480 401 348 492 14 115 472 156 388 454 378 283 154 172 296 427 159 448 297 332 56 407 9 334 425 312 375 163 154 488 189 379 472 302 461 
368 50 299 335 117 491 293 115 220 146 12 145 308 116 128 47 364 119 221 119 129 293 42 367 49 172 134 463 454 447 132 146 447 119 342 307 183 473 404 303 10 478 135 244 153 32 372 286 416 176 388 173 
92 33 227 75 45 69 10 456 150 222 67 1 55 266 454 389 483 77 185 370 487 277 282 488 407 203 422 398 450 468 312 82 107 18 84 
472 74 323 306 224 420 67 424 206 290 30 232 406 158 499 176 326 246 374 88 97 27 372 166 351 193 436 287 90 77 267 473 102 0 114 99 155 230 204 157 12 9 458 168 14 370 386 56 257 154 302 80 123 492 240 132 189 139 228 499 265 417 288 393 94 186 330 361 464 64 310 366 256 340 296 142 
199 58 341 144 330 340 296 171 443 290 460 487 33 45 193 21 4 59 409 484 151 439 57 453 190 421 13 287 346 173 497 425 269 110 418 402 286 197 298 169 262 428 136 37 85 437 386 323 35 453 413 26 56 35 87 125 205 315 396 299 
273 33 213 178 366 35 125 430 449 389 449 271 116 429 328 235 123 102 60 260 410 59 32 443 170 21 415 21 208 275 494 422 104 237 304 
455 92 288 424 470 216 340 94 63 368 329 47 167 3 98 176 80 10 360 458 296 430 204 236 173 224 348 294 315 486 78 330 198 339 103 228 404 66 242 285 24 206 183 258 64 160 244 397 423 47 348 327 287 353 159 452 4 108 93 240 278 140 144 54 240 135 235 405 256 54 53 271 24 151 59 381 298 106 127 86 315 59 34 235 259 34 227 166 331 44 90 225 253 370 
152 89 306 298 452 276 189 316 499 9 321 49 42 284 379 434 99 313 177 412 445 230 198 147 14 186 355 41 429 97 322 55 87 170 11 107 35 112 8 62 64 157 64 74 232 294 459 311 279 350 320 300 121 310 228 443 392 21 172 441 218 157 206 155 200 104 361 173 288 143 158 82 6 76 296 231 246 187 331 486 49 169 444 246 121 430 113 249 498 385 269 
407 16 160 268 204 8 324 250 432 22 47 224 246 345 332 448 350 214 
194 86 282 59 452 140 100 17 496 260 476 234 192 23 436 159 312 12 317 293 107 468 146 70 458 433 500 366 190 340 90 283 500 325 103 223 76 391 42 398 366 215 105 270 63 200 353 105 273 83 187 100 439 188 411 278 460 150 367 119 123 185 440 117 239 235 433 222 128 68 79 367 354 166 204 39 321 460 307 90 157 265 84 245 1 483 147 7 
94 77 450 423 305 87 212 394 2 13 329 0 395 437 45 44 225 440 412 242 489 348 279 301 30 484 358 305 187 307 103 136 352 284 431 360 111 40 54 307 335 156 431 272 365 149 104 65 199 4 449 344 298 305 76 438 414 304 435 125 85 12 357 56 179 136 68 278 123 429 436 65 230 300 453 12 234 251 248 
81 90 471 114 76 178 161 335 219 278 434 319 315 492 338 313 178 474 372 199 292 125 26 156 397 139 221 189 465 397 177 294 259 95 86 283 435 266 136 19 378 50 219 95 251 406 414 205 426 88 59 238 280 101 0 345 39 465 338 12 137 455 252 392 281 221 243 410 182 398 342 421 163 110 150 423 73 26 262 96 239 327 411 179 388 243 406 459 251 60 208 374 
305 42 194 16 344 356 471 26 347 115 278 160 339 289 353 42 189 260 294 375 73 448 276 93 26 443 190 279 304 236 30 301 6 167 110 472 161 485 441 244 222 164 338 185 
184 75 98 272 271 214 312 258 401 161 148 130 372 295 191 422 485 254 144 400 47 37 497 390 464 44 466 251 367 490 305 273 496 97 295 6 257 197 7 294 208 133 158 17 367 100 136 325 98 329 30 356 499 232 243 230 495 426 499 314 107 243 352 27 83 156 495 219 352 226 467 355 497 480 81 60 218 
360 29 258 462 128 310 432 197 367 127 282 14 474 133 278 31 279 42 382 276 195 387 462 23 15 163 144 286 271 329 144 
399 56 225 318 412 274 242 469 244 260 320 160 300 484 102 65 498 153 333 97 414 310 305 366 6 487 461 192 109 31 457 230 148 267 279 430 296 340 231 385 8 434 380 311 143 207 281 178 126 125 66 263 356 53 219 138 304 261 
115 72 16 237 159 358 472 434 96 347 483 354 319 179 122 111 259 5 350 347 185 194 305 159 481 295 476 428 244 65 179 167 273 326 72 318 272 146 138 94 358 149 353 297 188 425 487 221 299 346 243 58 470 273 187 421 201 439 163 391 133 12 166 233 472 113 358 157 272 292 184 267 136 247 
302 20 163 277 265 396 231 259 163 453 432 148 191 278 246 268 323 353 279 421 61 192 
136 12 469 91 275 69 411 172 393 377 245 155 208 466 
387 94 178 3 462 91 8 134 0 306 22 185 374 177 218 312 429 480 87 342 17 408 38 331 385 234 483 105 108 298 429 302 49 474 153 164 10 491 277 122 66 277 330 418 255 180 125 284 96 234 32 454 131 351 461 6 439 79 147 326 338 324 70 173 214 155 61 153 194 119 457 82 102 172 356 25 416 132 316 14 158 297 70 224 453 114 80 107 172 38 23 260 391 477 19 45 
107 91 196 213 413 400 406 62 91 173 181 393 324 256 248 258 475 215 191 309 142 348 77 218 448 145 134 459 245 458 302 462 222 20 242 413 84 206 124 189 279 163 275 234 464 226 18 348 171 235 276 192 373 153 271 5 395 135 396 298 389 419 87 45 318 201 277 149 141 367 252 167 178 231 0 91 333 173 364 194 140 308 95 184 336 84 122 212 409 448 115 486 331 
467 36 498 417 50 266 150 29 164 70 277 66 168 106 336 447 179 164 288 36 90 312 425 235 150 232 159 151 227 489 54 91 157 36 94 311 323 65 
468 43 332 1 380 489 470 238 165 334 278 439 197 285 437 477 383 294 311 343 247 47 317 104 369 210 5 239 194 53 479 425 484 175 58 105 415 251 331 426 105 39 460 346 65 
71 82 33 354 248 481 336 453 290 269 439 118 238 475 20 231 466 179 482 409 405 483 86 399 432 153 93 11 126 164 187 117 351 274 315 462 351 27 234 332 337 333 363 321 246 483 251 217 135 290 264 281 416 200 288 426 369 41 56 67 170 288 404 154 342 494 47 158 369 272 203 18 411 465 134 325 318 402 443 245 414 381 192 468 
232 52 194 170 170 300 18 282 264 177 76 57 30 241 344 226 88 487 45 225 0 322 404 304 53 55 246 482 419 222 76 161 397 155 429 381 206 442 74 495 15 133 429 285 167 389 210 271 307 399 207 242 361 268 
212 52 70 222 456 176 34 288 117 386 467 346 257 389 115 177 212 374 47 411 322 372 267 12 42 232 340 188 273 437 11 366 491 29 498 131 2 153 409 258 407 493 14 236 85 101 299 423 306 414 0 216 261 434 
113 79 128 372 18 488 471 256 239 384 61 266 484 467 463 316 457 11 427 158 129 185 461 2 427 299 124 438 29 210 389 161 252 9 143 285 189 383 164 225 95 293 136 459 191 367 49 146 359 134 49 392 415 6 69 157 433 127 325 97 305 6 492 328 498 52 158 391 213 415 364 445 396 266 319 424 299 420 118 204 61 
413 7 27 491 465 240 207 16 434 
457 75 11 171 495 280 428 407 128 441 468 73 216 97 223 181 102 305 500 169 164 126 275 336 47 228 493 279 440 371 144 447 458 70 353 223 463 445 388 167 406 9 348 305 9 442 427 119 372 73 3 111 325 129 478 99 121 486 70 122 279 449 46 98 157 328 44 136 102 329 488 126 229 4 260 8 174 
315 24 362 402 28 36 195 376 7 412 98 195 120 393 118 6 314 220 22 278 108 322 337 263 13 102 
284 46 158 130 35 280 131 183 396 358 300 339 325 235 133 85 434 94 278 140 346 12 424 427 58 429 203 432 202 431 160 373 341 426 32 399 191 37 385 260 412 298 343 166 354 462 456 274 
408 7 435 11 337 328 308 195 246 
111 47 139 66 234 9 207 202 232 17 20 233 298 146 262 301 166 443 292 92 254 4 15 25 127 396 219 75 124 77 319 331 219 148 223 213 444 379 277 474 451 330 467 371 52 65 366 161 302 
210 0 
301 91 386 116 498 365 291 494 499 214 423 357 259 34 223 481 382 468 162 20 468 274 17 224 271 435 371 12 290 434 86 103 195 34 284 147 236 137 82 79 499 49 108 133 182 230 62 222 263 358 335 141 197 285 454 296 49 216 368 411 189 178 340 411 444 122 463 444 355 225 57 236 418 225 481 240 453 371 98 274 2 304 448 108 380 459 340 200 278 312 440 33 64 
47 13 262 167 479 262 109 174 296 332 240 53 474 462 32 
128 83 94 480 197 138 132 158 435 160 208 471 478 276 48 120 325 440 196 4 441 3 101 11 214 410 351 384 156 170 52 132 470 196 136 196 399 333 94 290 486 144 415 157 127 303 235 174 80 145 477 6 290 240 478 284 201 19 387 473 429 330 333 427 438 463 143 298 110 1 122 271 358 58 148 324 156 228 117 466 147 347 491 148 197 
373 94 325 61 465 40 331 28 108 460 68 200 336 360 173 290 397 80 132 82 438 423 52 448 28 392 31 41 116 147 328 95 223 222 299 427 479 240 297 64 303 168 478 126 335 360 227 347 414 410 171 392 210 81 439 337 320 333 172 485 415 184 457 372 258 475 137 131 183 244 225 98 350 274 336 287 366 44 382 146 86 131 452 220 193 295 94 113 361 293 455 401 96 167 464 366 
81 6 35 212 91 136 485 146 
328 33 95 460 228 143 71 2 89 345 302 207 96 63 147 19 49 203 213 418 405 490 293 371 439 289 456 410 108 330 461 178 455 316 470 
121 22 213 249 187 241 226 316 194 18 212 240 251 423 73 43 364 475 374 404 133 216 205 123 
167 5 67 54 115 89 271 
442 91 91 142 381 421 497 31 355 227 451 398 33 456 162 489 311 274 330 369 272 352 442 326 32 131 34 417 183 332 232 157 256 344 143 142 451 382 453 92 42 53 271 104 199 236 86 115 145 385 387 353 388 180 282 274 442 152 205 276 278 158 22 179 428 379 126 256 458 197 349 321 272 125 252 142 429 147 156 197 442 134 453 32 258 223 46 250 375 282 5 372 288 
374 48 119 232 348 293 354 416 451 62 207 200 96 55 152 429 195 474 54 360 166 223 443 405 39 183 31 121 277 294 256 175 214 310 338 214 248 283 135 354 176 112 317 247 325 233 101 419 343 279 
87 65 327 286 445 365 140 281 476 236 97 317 313 421 367 291 273 183 274 131 124 319 363 159 298 103 371 229 287 136 4 456 273 34 163 119 229 193 493 71 17 40 404 212 251 17 472 388 442 213 329 261 178 371 453 3 372 222 498 376 332 334 45 26 168 441 430 
