38
48 87 496 146 454 238 69 343 4 475 258 409 449 104 305 488 484 408 11 489 184 500 266 320 362 68 370 212 174 371 131 254 55 235 418 53 316 89 118 147 466 292 237 54 111 264 42 126 489 200 500 59 464 371 433 237 89 278 109 269 27 188 217 392 435 297 422 95 125 53 467 141 93 395 16 342 227 425 197 256 291 289 35 185 494 260 246 113 238 
315 16 476 372 201 196 408 10 270 192 350 271 84 375 166 498 73 343 
151 57 248 412 77 413 234 58 169 483 160 351 139 366 135 48 188 267 362 341 105 500 129 426 347 286 215 373 260 179 450 483 313 412 472 90 497 264 427 24 270 284 142 158 207 420 22 275 215 412 197 191 491 8 179 336 72 340 56 
253 34 32 472 213 114 378 414 408 119 149 84 406 198 388 358 344 413 237 91 53 319 145 314 53 272 35 50 153 464 246 296 74 340 339 416 
332 58 92 471 301 257 259 253 187 118 428 32 352 54 45 280 184 213 448 398 498 363 469 204 120 411 457 201 162 423 273 386 150 38 105 115 475 423 179 307 374 148 176 473 387 136 464 358 489 66 439 210 361 378 87 428 499 259 65 116 
107 55 397 315 494 499 109 400 397 335 383 449 483 357 47 62 425 362 1 423 300 0 382 93 245 135 60 338 64 303 306 465 266 445 167 464 204 269 435 455 303 413 235 208 47 269 95 264 202 139 59 398 470 89 177 465 17 
157 90 380 109 296 53 248 259 199 429 423 141 402 54 487 195 279 492 444 117 361 14 117 226 80 427 37 362 361 368 324 313 168 203 325 440 439 322 44 474 0 417 107 178 401 81 284 337 260 298 342 258 62 140 240 264 0 286 423 360 295 137 244 29 96 165 274 380 388 269 11 63 12 258 263 204 222 269 209 262 387 191 419 49 256 451 329 354 417 208 462 359 
326 62 379 332 72 65 156 266 254 189 386 447 106 471 465 124 278 10 206 268 390 98 15 89 279 60 159 296 50 157 394 273 340 349 462 150 431 28 229 455 99 21 479 308 354 463 111 359 430 342 295 417 205 338 304 489 420 228 83 157 324 485 283 30 
177 72 300 180 208 66 77 315 440 344 184 97 30 30 435 344 495 439 74 38 473 118 284 374 421 352 31 271 366 435 22 74 132 89 283 385 144 83 114 231 244 373 472 29 114 365 492 30 243 116 221 226 33 39 281 391 477 470 12 236 6 142 337 365 449 423 376 490 184 374 80 106 434 468 
388 17 288 45 168 388 397 331 490 340 434 90 453 196 237 262 114 414 278 
131 55 378 328 388 123 489 475 123 46 355 384 129 59 12 436 42 178 398 133 181 214 6 420 151 281 465 303 47 1 437 418 319 210 103 421 151 146 139 363 408 409 410 423 498 191 323 146 216 63 58 79 404 306 116 444 495 
77 78 230 287 418 198 365 11 355 47 335 21 147 467 405 193 394 219 333 353 65 294 209 319 194 386 318 378 254 327 160 280 484 168 25 82 183 359 263 404 241 233 127 448 403 259 354 337 55 247 348 117 42 470 121 493 270 408 386 122 125 59 427 62 465 30 150 174 199 346 456 85 232 197 310 19 270 73 171 86 
275 95 155 353 60 160 77 270 317 171 269 297 66 3 303 283 319 210 18 447 442 351 495 33 16 495 349 467 184 229 17 80 263 388 396 261 136 439 480 75 188 238 412 203 300 112 54 276 169 460 499 422 469 332 130 117 114 192 161 160 157 314 259 347 57 6 163 187 365 146 431 221 67 183 206 281 129 104 147 265 469 48 410 263 412 12 318 96 373 377 118 110 281 179 465 307 25 
354 1 114 
420 78 239 414 467 99 0 111 434 466 251 366 498 258 26 276 484 381 216 119 466 147 45 472 224 443 405 269 361 471 422 167 50 39 412 247 223 95 97 418 170 447 240 84 363 390 75 404 476 191 187 229 396 119 219 33 233 489 54 435 85 415 366 111 88 234 164 208 4 295 249 63 377 63 189 315 3 258 235 234 
255 93 294 355 496 425 370 231 134 465 92 396 51 258 244 352 440 376 412 173 306 337 163 51 167 97 379 346 183 193 139 491 268 486 306 320 425 210 181 138 331 287 398 134 437 90 415 436 89 134 274 410 452 377 0 24 234 96 291 353 495 41 374 42 39 307 192 336 168 139 291 470 304 135 57 22 249 15 192 50 101 442 72 75 92 83 375 270 348 375 112 407 360 166 479 
396 34 244 128 5 44 390 289 78 113 456 356 324 322 152 341 23 118 500 334 218 208 145 351 212 357 8 230 463 26 444 446 199 347 382 490 
325 39 156 217 463 398 460 285 192 320 137 81 323 360 272 285 277 105 262 450 416 188 345 238 373 72 268 220 240 322 66 358 176 92 147 73 258 372 124 37 172 
235 24 83 57 122 492 360 83 422 153 143 89 348 492 429 376 404 46 200 451 436 414 16 335 37 89 
305 48 331 192 11 199 385 270 474 479 284 154 192 355 120 49 358 79 418 326 303 101 253 205 239 398 102 301 451 468 156 222 317 329 146 171 305 98 418 266 330 475 298 21 119 205 494 201 474 374 
59 98 60 72 182 182 139 294 315 375 350 129 407 303 463 80 268 337 221 86 310 308 183 76 196 123 183 134 161 373 321 101 12 386 106 199 81 436 160 490 145 46 108 267 72 103 51 194 225 228 267 271 364 109 18 458 89 252 128 34 71 343 186 31 94 191 47 284 168 436 13 477 243 491 321 219 266 411 346 10 124 150 150 149 213 398 274 428 167 467 402 189 2 408 307 73 200 341 195 21 
489 34 362 388 335 150 287 214 428 29 60 9 150 173 284 109 318 420 339 441 195 91 154 272 56 379 376 277 305 41 62 494 418 138 324 496 
229 47 8 369 327 278 363 311 65 135 283 431 465 435 58 90 18 219 239 346 168 81 35 335 460 259 367 175 155 362 469 214 307 212 190 194 59 491 375 176 211 138 467 283 271 219 229 110 60 
203 43 367 97 360 387 77 295 232 28 431 235 374 321 97 31 326 240 90 51 17 170 7 5 48 356 225 181 64 100 375 322 167 337 179 433 71 478 478 17 459 171 16 12 222 
357 68 443 80 271 347 54 225 277 348 447 1 176 210 467 278 377 400 382 498 72 19 92 90 314 147 415 205 119 78 176 475 6 280 159 244 96 146 150 496 176 381 110 395 355 77 230 182 214 341 398 348 86 14 321 304 353 342 351 4 404 153 240 209 152 391 378 354 234 59 
249 45 300 429 149 394 21 59 400 115 221 495 105 135 247 180 192 119 2 454 269 154 257 167 47 24 130 290 372 210 406 49 87 325 36 457 294 429 12 279 232 433 462 297 318 46 128 
427 21 456 129 18 188 217 113 440 269 30 231 235 495 381 34 470 231 225 225 71 357 194 
365 50 312 3 451 328 428 28 5 49 297 250 47 212 209 20 114 179 405 356 195 124 177 197 247 62 73 370 159 15 223 154 317 376 52 213 157 304 404 299 356 240 317 454 28 349 6 161 98 484 281 143 
219 100 428 260 375 464 336 218 85 178 360 33 314 452 196 463 4 85 294 338 363 77 54 33 293 388 337 498 113 345 52 51 451 29 334 431 451 198 70 245 202 85 311 327 2 161 312 167 366 171 226 392 410 31 222 475 18 424 33 155 407 142 205 256 492 45 61 340 211 181 152 442 162 405 199 291 232 82 297 262 69 201 403 474 86 464 365 273 334 196 6 26 429 146 48 446 398 4 352 383 94 219 
290 63 72 444 224 452 54 179 377 192 398 457 106 361 182 125 350 445 321 83 246 267 335 19 222 326 176 6 27 220 245 9 16 386 490 152 164 97 227 311 106 423 85 360 198 98 192 159 377 18 14 104 320 300 483 315 195 120 288 294 489 278 7 138 194 
192 85 120 376 283 208 224 366 433 319 472 117 494 314 97 473 40 404 420 373 314 432 475 264 63 147 250 212 248 433 85 14 289 347 76 295 331 160 57 368 216 240 497 378 122 448 364 491 72 431 328 129 261 447 332 51 408 122 398 254 88 270 218 496 244 171 392 433 327 449 340 148 284 443 276 77 325 197 272 115 190 489 272 391 362 495 112 
10 85 32 399 248 22 477 297 485 141 268 77 382 123 142 490 74 161 473 295 388 206 369 27 356 487 426 332 37 101 245 430 421 394 151 60 406 39 210 472 156 82 465 287 310 337 12 319 340 392 331 177 60 140 474 225 52 69 43 232 27 230 71 290 392 116 206 325 18 394 333 283 12 182 35 311 465 353 33 27 469 30 471 189 424 263 223 
351 74 62 95 333 398 264 50 88 360 408 377 280 454 104 408 161 387 72 214 84 171 319 384 207 311 151 298 237 386 478 34 281 308 105 288 140 261 485 462 112 89 99 295 150 158 458 203 429 437 400 181 180 333 150 444 340 45 343 173 366 433 452 26 284 186 353 284 297 311 441 286 40 174 35 48 
303 31 5 191 299 150 328 76 312 433 27 298 298 179 208 408 264 126 121 21 15 157 475 194 87 318 445 210 439 34 79 175 246 
50 13 43 375 343 34 488 337 28 396 234 345 46 369 269 
258 22 185 45 26 201 158 85 439 130 74 123 266 419 109 168 127 22 218 139 148 157 214 459 
249 52 468 241 134 312 459 474 317 103 108 326 254 125 104 479 416 176 175 117 373 407 16 473 236 330 314 57 6 67 75 486 185 339 219 13 211 466 130 196 50 403 123 296 29 64 30 347 224 459 357 487 498 401 
211 98 0 310 466 81 222 372 344 18 424 64 394 449 11 328 48 59 207 387 225 90 71 485 170 113 213 63 495 230 272 136 117 62 491 379 52 199 463 198 260 460 380 306 500 144 359 46 396 142 178 7 177 46 493 176 272 160 371 149 231 48 217 174 175 4 418 28 221 97 283 3 82 163 113 14 311 405 472 95 372 478 494 298 7 205 293 260 100 318 324 457 471 346 244 405 340 71 133 332 
