67
46 40 138 193 473 462 265 40 431 39 344 384 112 9 437 435 434 224 451 348 64 22 59 253 395 155 14 159 380 50 392 499 479 322 137 322 124 156 464 413 447 474 
441 68 185 496 344 194 0 113 110 80 145 208 456 35 179 290 499 488 209 124 465 463 322 214 292 62 201 285 226 0 94 178 234 185 119 265 294 138 77 297 424 244 257 321 492 114 414 53 165 71 382 347 51 14 26 159 383 198 482 138 305 174 389 233 102 417 72 473 450 405 
368 57 492 160 61 6 366 25 119 3 461 187 188 474 7 207 53 394 332 88 10 210 341 131 360 175 66 99 466 477 362 463 95 31 56 228 486 108 166 130 335 153 477 191 184 464 81 423 384 104 201 172 96 198 367 400 51 493 285 
379 98 338 475 107 496 458 500 426 220 176 369 119 113 468 442 20 190 480 411 372 10 432 194 467 314 2 308 333 26 126 58 479 92 319 122 465 321 429 346 309 224 463 344 10 22 364 227 185 292 387 25 92 446 470 152 66 3 228 477 113 362 472 328 201 499 387 27 485 340 264 257 11 220 423 351 152 149 213 344 278 343 253 344 451 214 266 61 143 271 180 77 254 148 376 175 426 192 213 306 
449 68 239 38 246 196 214 39 219 91 341 446 468 461 351 177 141 358 320 45 451 490 370 207 91 495 140 322 110 424 170 464 465 111 79 135 301 409 198 451 213 467 24 323 1 27 154 226 187 434 85 370 316 294 9 351 294 24 18 131 292 208 334 396 471 477 465 132 46 376 
441 3 467 406 493 
410 41 194 342 82 438 15 468 440 147 89 15 386 357 378 218 108 85 328 484 389 231 265 27 256 429 385 208 54 138 55 432 280 479 375 294 226 73 191 327 302 429 43 
6 15 102 209 399 395 181 332 102 121 337 323 356 373 472 487 472 
283 43 79 477 148 308 248 94 32 100 65 477 145 226 91 305 85 184 188 175 277 352 31 376 161 212 11 487 492 277 499 406 302 14 154 218 370 251 262 31 263 354 257 181 295 
180 87 438 458 79 2 111 180 446 6 192 466 103 209 413 259 27 2 388 106 178 477 199 440 446 127 94 73 497 402 159 221 10 29 132 133 97 353 230 170 390 100 144 385 89 308 81 465 482 347 497 79 178 253 417 495 108 321 478 6 20 150 84 31 15 117 320 443 374 457 1 454 188 424 26 159 74 217 389 36 476 145 16 497 315 211 319 312 32 
86 15 498 244 170 81 478 71 191 136 104 373 47 353 378 425 352 
337 84 293 362 187 46 425 279 433 24 217 91 308 309 90 432 494 374 317 143 227 448 131 13 420 230 385 374 163 431 260 25 278 184 307 181 282 203 322 391 437 219 340 149 241 43 232 130 28 350 212 267 54 473 228 111 211 323 32 200 265 240 435 353 252 367 4 131 431 360 240 393 420 25 468 157 426 215 488 223 188 34 236 255 46 226 
473 56 254 273 262 306 442 76 265 5 369 271 105 183 345 6 328 462 479 284 213 403 124 162 462 14 182 425 18 337 142 18 54 78 497 364 352 487 434 350 147 422 438 88 154 325 189 276 313 38 412 220 16 190 51 367 339 75 
423 82 21 257 232 303 238 330 89 270 406 53 432 108 55 306 473 402 26 57 78 442 0 331 221 455 147 338 375 448 384 243 25 265 31 275 159 172 370 126 386 53 356 334 80 45 40 126 190 187 423 400 86 418 275 314 112 496 201 180 217 167 436 118 308 163 166 169 221 362 372 323 442 171 464 170 478 492 233 118 11 308 375 386 
234 52 99 224 493 244 103 67 151 427 415 70 293 165 370 228 168 245 246 41 18 468 318 419 175 420 342 282 59 20 241 64 500 157 12 67 475 491 108 366 205 270 318 232 203 219 414 262 203 338 71 170 78 177 
337 92 175 442 152 385 159 472 207 1 312 451 132 113 373 416 295 457 359 379 220 2 469 168 400 91 482 296 4 361 288 429 264 168 436 312 28 459 342 196 289 277 54 116 157 398 205 91 74 237 47 77 275 46 220 244 257 56 115 416 282 33 16 239 173 463 368 425 413 299 339 122 329 489 62 269 360 222 191 481 183 119 157 331 214 294 290 69 241 9 165 134 217 371 
335 2 467 259 
333 63 328 472 85 68 499 246 126 166 93 153 255 437 187 32 27 244 347 442 217 158 439 323 147 29 201 323 20 55 373 494 150 156 370 303 222 243 296 178 489 207 289 24 25 203 480 420 452 62 61 450 242 413 262 380 30 319 204 106 51 49 451 117 87 
267 43 389 88 246 48 429 343 430 456 434 331 414 283 241 176 173 324 46 307 128 453 81 237 364 275 201 109 77 85 99 368 102 124 88 232 65 413 155 339 14 180 244 206 94 
146 95 401 102 178 225 58 492 79 345 142 161 38 354 79 108 492 421 167 260 425 27 399 83 372 32 78 280 127 86 386 160 449 103 277 17 246 242 348 75 41 103 74 353 199 77 48 4 210 81 115 479 29 98 41 70 236 252 116 187 40 355 312 418 396 140 411 227 229 123 226 349 62 303 314 220 39 150 309 16 113 95 293 136 428 457 315 188 147 17 460 337 242 211 124 64 21 
107 72 180 404 158 451 168 198 408 95 183 420 114 355 288 397 493 237 251 188 24 74 489 71 50 70 473 130 80 171 187 189 39 139 467 128 401 481 280 330 398 107 304 279 281 383 350 89 318 435 485 455 492 383 416 306 89 363 475 183 155 500 263 88 493 210 316 337 174 477 325 166 267 491 
287 26 223 294 126 44 134 328 135 452 310 2 303 475 386 203 367 457 394 364 163 239 33 493 98 42 62 306 
329 50 25 338 474 78 282 192 433 445 16 312 146 482 201 402 374 28 207 413 314 85 18 217 145 487 249 358 326 335 420 35 214 440 200 197 350 287 63 385 472 302 57 233 97 424 147 249 244 250 339 265 
118 56 18 218 360 6 237 130 150 385 362 439 289 437 332 67 38 9 440 380 341 455 366 394 212 236 401 419 419 247 79 487 227 332 149 229 347 302 115 86 365 439 275 488 256 261 479 404 306 76 48 392 23 69 64 47 354 456 
479 98 293 455 243 258 224 108 430 315 39 204 13 458 402 322 306 363 204 263 212 111 58 394 291 336 399 142 293 401 24 197 160 233 155 140 163 210 336 56 146 242 257 373 80 427 336 438 370 444 118 122 122 49 341 448 337 332 232 497 207 114 369 152 496 138 182 395 183 431 430 201 350 482 214 294 478 131 381 267 147 315 369 346 312 31 342 301 121 202 182 283 477 302 172 91 296 391 442 139 
166 92 13 143 357 207 13 284 384 162 393 372 84 264 220 269 402 322 389 96 342 473 297 483 288 29 359 364 141 378 393 124 491 287 234 65 252 298 147 488 494 60 366 388 392 280 327 53 27 141 449 54 467 371 16 401 342 317 497 396 375 191 384 426 47 360 381 226 382 331 2 375 15 324 438 31 48 58 232 192 338 161 133 471 224 330 169 175 357 137 291 193 107 126 
155 90 248 75 383 463 361 92 352 247 176 402 385 97 295 494 372 3 2 5 190 223 112 484 476 270 65 417 88 339 214 181 338 430 15 287 310 188 68 67 363 231 214 196 124 457 141 187 71 135 201 254 9 266 395 170 48 477 217 33 379 494 337 57 453 427 290 299 374 399 149 445 90 283 388 61 216 60 361 442 47 64 133 438 123 130 96 432 387 416 75 320 
290 80 383 159 411 331 26 369 425 164 15 119 483 189 470 309 357 438 494 262 407 93 12 39 202 428 13 10 385 34 420 60 90 368 22 94 15 361 198 207 454 134 342 184 376 59 245 198 388 193 345 358 148 354 66 500 59 347 204 356 324 110 46 496 190 300 196 172 459 61 290 479 94 37 71 441 499 336 19 446 288 13 
486 28 158 307 40 206 146 153 494 117 379 249 267 316 139 167 106 409 325 308 306 302 120 178 412 390 470 287 111 218 
178 32 252 228 218 241 196 5 57 193 472 149 112 381 408 165 130 22 223 19 88 302 263 245 444 442 335 237 298 9 355 137 321 476 
246 88 495 271 308 193 25 389 495 7 481 269 310 142 494 496 281 425 113 73 196 333 119 289 82 391 385 429 100 278 116 378 336 288 50 343 168 19 427 241 184 453 327 0 334 298 201 294 280 248 156 482 154 42 343 260 155 462 20 297 214 168 109 363 155 8 335 228 84 188 275 330 429 448 390 494 352 135 367 205 488 315 362 213 202 303 450 475 327 265 
386 39 76 287 481 8 102 23 190 28 379 355 227 313 380 158 294 494 253 112 244 92 436 156 268 283 422 497 416 127 131 319 52 33 86 68 55 467 343 467 348 
171 78 129 79 424 456 454 57 73 443 139 227 398 420 2 301 33 408 461 357 495 370 343 483 48 155 401 299 469 307 169 430 416 473 74 269 478 343 407 88 134 341 80 350 143 5 291 280 135 272 485 32 427 110 262 31 307 211 122 314 325 190 171 452 345 496 205 373 367 489 293 183 407 385 250 289 427 20 159 414 
88 29 310 339 357 185 203 441 201 199 26 349 424 454 211 315 372 345 492 110 58 110 90 33 448 25 419 359 425 58 451 
300 44 165 131 316 293 192 497 345 455 78 360 288 230 325 233 316 240 422 356 340 103 187 481 218 143 230 311 18 394 480 209 430 185 496 99 142 322 496 175 271 115 323 322 159 288 
297 77 138 16 142 171 62 126 468 350 207 208 483 100 363 166 411 183 183 468 308 314 138 108 224 476 132 62 426 65 130 221 128 12 360 100 440 267 416 332 464 286 362 183 280 417 131 152 242 324 332 378 295 331 264 397 274 338 236 2 392 195 9 227 343 173 445 217 260 426 183 2 452 78 433 440 138 343 201 
343 26 286 37 57 159 157 121 8 306 404 279 469 244 270 245 87 230 120 252 421 68 380 285 498 478 223 63 
175 17 413 93 305 500 427 351 474 124 255 452 342 246 19 350 324 19 302 
427 31 346 314 27 92 343 318 283 258 349 417 287 417 171 116 466 183 35 308 217 423 427 38 137 375 287 235 425 259 271 255 284 
370 2 416 411 
443 15 382 381 298 141 59 24 18 453 394 120 203 194 191 469 27 
318 75 202 164 385 301 374 292 69 49 189 239 310 292 431 10 287 163 422 213 194 256 93 164 7 141 497 165 193 45 331 242 67 82 309 344 264 172 456 271 498 54 152 358 98 10 6 160 493 210 390 177 115 312 195 364 429 205 178 450 17 39 417 346 459 437 262 124 413 9 321 370 157 96 326 393 492 
343 90 88 237 23 409 442 275 238 428 456 324 387 386 15 420 47 233 448 290 165 6 297 86 172 10 91 162 451 1 91 374 264 458 316 78 55 244 334 311 247 276 108 316 440 483 399 414 145 176 483 379 447 129 230 304 225 455 267 146 348 114 280 395 452 125 195 90 212 303 262 126 255 115 316 45 72 473 212 283 111 32 218 53 413 355 369 353 437 477 56 254 
474 47 362 468 287 433 404 359 355 130 212 390 381 215 403 167 444 500 150 73 430 479 246 161 152 50 240 283 277 287 448 150 464 83 318 274 353 253 449 491 294 415 248 35 448 232 20 352 168 
349 97 100 286 83 486 64 202 223 445 413 420 491 255 12 408 9 208 259 439 351 165 103 297 483 10 262 481 215 147 284 311 446 59 441 67 305 189 140 56 22 163 323 244 81 122 35 349 11 170 134 33 378 217 333 81 303 219 37 209 102 92 167 394 355 305 440 368 494 432 281 159 235 155 364 328 443 21 428 284 225 421 378 331 381 95 332 321 486 173 90 63 225 490 218 388 285 227 206 
481 78 118 397 409 292 259 147 455 349 253 415 162 427 252 231 228 293 119 265 138 278 248 419 179 302 306 170 219 82 407 117 405 118 485 413 158 263 388 54 112 468 445 237 385 35 38 204 324 442 437 316 114 72 398 284 395 445 331 272 267 235 5 314 342 207 90 266 211 358 35 229 490 354 52 151 310 107 229 69 
422 8 22 181 278 400 155 215 250 155 
186 57 363 371 264 202 195 65 327 416 327 428 273 83 479 456 361 431 243 344 353 367 27 202 181 75 115 430 130 5 491 325 319 496 294 260 499 455 74 496 411 331 214 465 251 294 176 108 482 362 449 82 16 404 350 420 45 227 64 
476 2 214 63 
238 1 193 
297 63 105 10 288 190 388 499 39 102 197 301 381 42 357 248 141 304 404 248 302 81 74 381 14 491 66 165 119 66 355 192 63 77 57 72 350 234 134 423 420 111 416 313 95 376 253 409 488 129 279 238 499 469 56 298 310 67 139 451 11 375 294 317 239 
247 82 110 479 100 350 119 425 408 292 304 23 117 269 178 110 320 481 476 258 249 107 253 248 441 153 425 297 118 86 413 421 152 286 359 93 154 66 125 77 45 287 11 74 167 329 408 82 277 431 329 101 484 172 38 79 485 109 211 235 141 321 335 160 265 400 318 317 151 142 487 356 218 443 441 360 317 185 462 433 43 124 431 255 
123 4 463 5 214 86 
195 58 181 414 459 461 200 36 256 476 237 264 271 189 262 375 362 194 247 421 221 141 303 137 180 146 9 263 346 185 285 242 31 126 364 111 173 279 209 58 202 100 450 446 58 460 153 282 311 94 29 443 85 141 379 124 242 405 373 318 
29 45 495 313 138 114 205 487 384 26 187 411 456 422 215 31 445 4 8 438 89 282 126 490 466 321 236 315 47 366 339 446 366 191 280 110 198 327 115 441 9 65 168 111 79 376 352 
191 8 113 86 195 264 180 393 127 290 
18 96 19 291 67 418 232 224 96 218 28 163 37 391 203 488 214 329 261 402 102 68 426 478 26 284 485 166 418 69 249 2 28 355 127 435 248 15 89 492 411 27 35 248 227 222 333 269 240 485 36 17 442 465 60 396 441 139 315 397 324 293 76 64 95 248 102 206 352 426 259 68 56 68 179 433 76 188 214 323 368 91 191 287 441 29 251 454 4 333 273 317 431 88 159 449 421 187 
490 19 26 334 311 371 408 339 87 466 470 260 62 130 272 247 60 334 347 143 482 
327 64 184 24 58 477 370 377 148 155 339 411 367 120 316 142 331 294 480 463 358 497 298 419 191 82 190 53 51 110 78 64 205 441 154 313 14 400 446 434 167 406 11 66 39 187 339 479 398 496 272 87 388 447 53 154 18 381 299 160 95 388 497 138 295 376 
344 92 348 344 10 365 30 230 154 236 405 483 258 375 33 247 137 324 98 315 169 467 144 203 92 450 389 34 449 170 316 85 495 363 484 155 153 33 273 140 356 275 17 465 323 212 218 237 138 108 301 299 177 382 112 37 229 65 120 112 379 459 6 485 489 1 114 381 353 129 450 102 348 117 199 298 171 201 447 105 476 459 67 298 2 256 484 324 11 232 242 385 120 125 
118 88 350 432 196 274 476 171 129 32 500 278 35 346 331 379 228 447 496 471 240 418 458 271 336 460 380 252 475 320 398 124 421 272 242 286 455 290 283 5 397 303 323 346 380 177 222 112 90 307 180 315 425 464 248 438 262 291 416 4 303 85 325 235 196 254 469 278 378 86 425 307 352 239 470 492 348 64 156 96 73 187 154 245 494 445 470 94 369 118 
341 90 478 56 409 66 245 113 476 196 219 25 441 80 109 116 233 461 326 482 333 353 235 39 183 88 82 76 106 410 280 196 18 119 13 308 44 55 382 30 348 411 0 171 262 155 303 166 46 80 461 107 343 233 148 272 173 253 95 273 37 378 135 233 454 131 194 120 19 466 437 136 312 367 6 292 212 191 78 72 482 252 168 322 170 416 401 243 171 225 201 154 
27 65 89 388 288 177 67 477 9 391 257 18 234 88 288 358 1 176 98 472 256 459 127 208 185 407 98 265 364 66 333 42 237 395 314 273 308 28 445 60 85 252 205 216 121 179 164 43 235 425 41 455 222 260 286 56 153 43 360 104 78 421 191 464 212 75 494 
458 88 33 405 263 203 298 157 221 123 320 215 226 406 81 101 63 377 294 354 354 227 488 320 480 283 6 241 145 393 170 330 460 246 118 294 174 213 106 7 479 28 270 291 485 399 118 489 295 357 275 309 296 452 230 131 62 88 122 215 20 109 317 42 252 437 288 220 89 355 81 164 388 265 365 4 103 488 335 428 98 439 499 395 279 262 91 459 480 243 
144 21 223 81 479 362 260 358 127 60 8 259 459 52 299 404 20 236 68 339 359 159 377 
40 68 118 403 485 218 486 307 137 26 183 92 421 448 38 365 498 296 456 131 447 299 111 19 154 231 131 70 9 146 440 484 219 239 255 470 335 87 410 77 302 301 468 167 127 344 335 397 485 33 312 362 330 492 297 305 370 66 98 500 445 483 41 230 175 235 343 486 420 1 
444 55 408 79 256 195 95 116 33 141 87 157 302 309 211 254 81 368 39 177 317 455 484 480 253 377 247 431 189 159 238 93 318 337 269 48 107 120 105 41 427 337 217 64 365 282 282 133 451 371 298 291 226 233 354 76 377 
