40
50 0 
81 46 277 456 327 190 326 3 174 434 448 446 334 276 124 310 45 270 128 239 243 280 106 312 400 13 316 380 326 187 421 255 428 306 477 313 204 243 498 352 488 81 251 276 196 416 160 443 
116 13 472 239 477 420 53 226 336 332 495 421 42 309 373 
49 57 418 341 354 2 121 420 263 160 7 148 28 169 94 460 135 460 181 448 81 467 441 397 333 56 212 231 59 152 185 258 458 72 445 356 243 352 65 497 155 64 221 242 28 401 497 100 279 31 376 393 375 6 91 14 118 225 295 
226 64 218 256 381 188 280 33 212 36 207 333 83 85 150 495 333 493 366 319 113 404 362 179 351 123 216 136 240 212 79 489 384 108 127 477 499 93 481 93 301 182 352 195 488 254 447 369 429 27 369 275 483 182 63 385 64 218 44 356 358 383 438 465 312 231 
100 64 323 165 324 303 220 15 400 439 473 499 59 149 237 131 41 94 147 425 323 51 482 443 266 44 106 40 196 160 322 382 181 270 17 36 36 102 267 267 291 369 252 301 174 407 170 192 344 21 497 86 409 4 253 470 488 14 178 236 327 281 427 141 246 333 
201 96 425 199 444 54 295 304 495 281 53 477 345 489 63 317 375 258 165 334 231 363 141 92 216 160 383 296 344 487 495 23 443 408 373 68 457 387 6 78 322 200 37 463 78 191 318 256 79 175 14 395 474 78 488 119 320 143 494 439 494 280 460 379 267 377 343 447 213 164 353 42 309 461 46 232 393 360 51 131 361 212 459 311 241 460 115 455 39 160 368 211 498 279 499 446 149 80 
374 68 325 178 85 61 481 104 76 419 11 445 36 250 421 385 76 469 495 244 442 473 379 321 292 380 183 129 298 290 20 354 86 19 106 109 286 17 320 316 203 420 365 287 373 435 417 348 24 20 402 58 212 60 295 382 129 475 80 367 373 493 263 174 174 18 75 29 365 308 
259 84 80 402 82 120 491 23 459 399 39 386 332 419 0 124 198 235 324 295 420 419 65 150 213 158 414 139 453 401 57 345 186 375 441 295 499 65 145 371 108 475 435 249 357 234 208 85 453 416 395 404 139 104 48 374 160 63 156 450 162 77 430 56 441 292 91 295 149 137 424 347 382 152 102 58 252 302 63 379 374 100 441 128 377 132 
319 58 346 288 334 281 332 303 377 388 315 416 422 363 277 239 238 337 248 151 11 30 497 312 126 456 232 104 140 64 474 100 206 47 467 370 455 233 290 211 119 298 56 132 398 226 324 164 330 241 128 330 210 146 271 343 280 285 250 384 
247 14 477 499 364 299 170 489 106 169 72 327 208 261 364 468 
62 76 437 100 269 477 399 188 324 153 463 367 241 350 103 36 95 276 131 209 276 220 57 465 454 218 413 67 19 269 390 90 39 75 466 121 452 477 387 366 58 62 157 243 49 147 422 300 94 67 391 1 255 2 185 258 239 275 253 237 261 329 239 309 27 344 464 195 105 187 375 143 195 152 146 224 76 192 
287 10 236 104 410 38 441 352 60 471 285 1 
234 6 468 462 472 71 307 473 
186 35 283 72 96 444 94 466 426 453 20 15 233 316 85 308 44 372 299 489 144 343 492 324 203 44 0 205 99 468 233 17 91 316 366 112 239 
329 39 313 190 460 409 162 251 246 290 368 356 445 128 149 351 259 335 435 209 248 49 113 85 227 241 299 344 249 65 301 445 0 14 269 343 170 93 193 280 146 
73 47 108 90 51 87 46 241 372 290 2 13 135 254 350 221 343 403 307 6 419 149 306 302 146 173 486 399 260 184 216 457 236 133 268 33 21 70 53 453 236 113 40 98 103 214 263 461 130 
182 10 7 294 182 370 218 264 133 427 348 418 
230 82 258 159 43 6 389 318 383 144 198 139 395 480 155 129 91 149 98 272 255 345 62 383 443 137 374 119 18 174 115 406 437 151 274 300 218 195 161 49 324 45 424 372 389 183 222 216 2 286 427 15 4 166 372 210 487 61 33 40 469 443 185 393 429 206 367 196 172 412 248 153 208 438 213 302 114 214 233 194 79 405 379 186 
78 38 26 125 388 48 103 436 385 147 435 372 346 278 39 461 189 435 436 394 367 453 293 377 357 341 7 224 469 188 27 187 394 301 9 308 235 458 130 289 
437 82 131 166 342 25 438 287 316 246 402 364 146 178 31 120 170 34 260 292 333 273 89 0 129 80 193 265 131 101 300 166 58 46 433 430 88 63 345 446 365 33 212 485 408 151 435 134 369 469 91 213 351 250 418 185 231 316 341 331 197 247 442 207 449 88 388 140 270 459 186 285 416 183 329 5 30 366 151 101 36 20 498 133 
216 32 8 379 411 498 106 169 67 111 23 132 74 263 436 105 90 230 29 231 313 290 98 3 406 267 469 279 22 269 363 22 139 3 
499 60 145 320 33 271 393 367 154 240 166 1 405 463 266 350 80 291 165 146 261 384 443 253 318 4 439 500 461 181 345 227 165 237 178 179 59 457 342 139 83 406 221 440 16 174 29 246 185 46 350 252 449 380 66 175 269 193 165 198 458 238 
72 47 425 68 17 175 7 373 94 7 202 84 0 414 382 32 130 295 334 159 6 307 182 53 217 340 31 338 348 53 410 147 80 378 337 241 438 110 96 496 351 0 39 308 32 467 1 159 333 
331 30 368 42 217 372 295 350 3 457 11 397 458 264 195 140 470 100 284 477 491 432 129 322 105 269 187 111 342 269 0 416 
137 83 491 131 89 321 322 437 377 36 362 489 8 359 494 40 270 52 304 443 26 11 405 239 259 201 410 296 487 466 335 176 455 22 423 209 234 222 180 464 125 403 117 65 3 421 484 82 495 176 487 404 127 225 283 346 351 290 244 411 51 267 265 424 473 33 139 482 165 160 243 434 366 331 84 335 446 69 433 86 312 91 92 198 412 
349 10 403 226 128 32 47 391 235 226 487 337 
136 38 418 100 107 215 365 169 232 145 271 39 315 439 387 342 58 465 428 196 55 327 185 181 450 200 60 60 325 477 206 145 162 206 251 459 431 124 291 58 
161 53 111 194 56 425 334 159 480 21 460 2 403 53 487 467 129 248 72 320 384 106 441 449 83 396 484 363 384 330 262 9 314 479 360 19 83 146 293 293 398 259 428 55 343 4 112 286 182 254 471 134 145 33 64 
250 2 45 382 
141 23 19 343 454 25 409 289 332 79 183 146 221 497 254 232 284 216 280 387 294 265 377 408 167 
237 0 
466 1 205 
18 96 321 158 207 114 273 272 251 433 147 115 446 291 379 99 160 35 318 255 309 147 102 173 351 302 290 176 85 50 131 54 258 65 136 443 236 171 304 170 279 93 188 154 170 139 153 171 208 270 492 83 348 249 272 345 490 339 73 371 186 238 486 93 285 212 21 286 276 128 336 478 346 338 378 47 422 119 384 316 207 130 343 213 484 60 320 357 186 467 294 118 32 466 385 500 198 245 
116 80 328 110 110 92 383 498 343 41 96 176 364 281 46 77 110 48 127 468 214 428 410 403 430 109 182 184 100 88 173 259 262 374 218 262 323 53 399 172 414 268 413 268 339 452 191 341 240 384 20 372 376 417 207 126 163 423 22 363 354 316 467 113 4 208 101 241 122 39 480 225 124 254 424 371 9 355 185 412 377 405 
234 38 182 324 206 385 379 29 267 482 323 280 411 434 92 279 463 223 111 371 291 286 210 415 5 476 26 158 151 48 371 187 165 353 461 289 110 191 164 289 
457 8 134 219 418 111 475 358 113 399 
343 1 77 
250 22 55 365 89 498 170 289 275 274 198 38 309 492 92 202 322 312 455 463 57 372 10 476 
303 62 107 192 472 326 52 158 278 472 374 36 232 480 340 378 382 345 293 409 22 10 156 342 322 314 167 484 56 70 174 152 433 449 78 168 164 21 245 435 296 135 459 382 444 486 256 273 424 39 220 157 473 205 42 468 500 370 461 45 86 218 370 94 
