1000
6
5574 8397 4295 5171 2504 5612 
3
5680 6895 9905 
1
1998 
3
7562 7882 8124 
7
6600 7418 5102 6239 8849 37 6395 
3
3711 5330 7503 
1
8047 
9
7130 9556 9363 239 5534 2147 1297 8960 9413 
5
5169 9206 505 8691 8178 
10
5498 7433 2054 1500 4140 3421 7538 5053 8950 2196 
3
1014 9684 5927 
4
9328 9397 1713 2121 
9
1678 3765 7069 6485 6838 7301 7249 9979 5240 
10
9507 3748 3620 8229 2309 6863 6718 1858 4427 3008 
3
4582 7504 6844 
1
5339 
1
46 
6
9677 2848 5094 6450 3244 7234 
7
3523 2302 274 9026 5435 6651 4940 
10
794 3663 5363 2533 5748 3788 2812 8284 4640 7542 
8
7220 3530 7173 9806 9912 5634 5606 8407 
7
9051 8170 6032 1423 508 2165 3091 
7
4915 3504 2334 2838 9917 4072 9906 
7
431 2333 5109 6339 2496 8740 8305 
7
956 2693 8036 5291 6275 9902 5726 
6
9687 6254 2229 3202 6130 970 
2
6023 7374 
2
4951 2127 
8
1615 3873 9879 8141 6836 4615 6148 8204 
8
3411 2300 9266 7820 497 2361 2687 4724 
3
8953 4792 3256 
1
9889 
8
846 7637 4789 9406 2861 5305 2625 7351 
10
3185 5892 5440 4129 1105 3984 36 8395 2612 6811 
6
2745 3223 1073 8649 5064 1852 
9
2750 3176 8249 457 1154 5871 9703 1445 6595 
7
7539 2526 1326 3479 432 7299 5240 
3
1459 3413 4440 
6
7270 1964 682 5276 358 7731 
2
3898 932 
7
3639 1023 5671 8476 1757 5407 5753 
2
9931 4324 
4
5238 9649 7529 1536 
6
1203 7615 3566 2533 9817 1019 
8
5808 9549 6613 828 8575 4448 6219 9676 
7
6789 5260 4686 4745 4275 766 43 
7
1480 1592 1088 2599 3393 9368 8016 
9
7187 863 8960 8495 8149 8176 922 5510 8052 
5
2427 4438 14 6010 6837 
10
455 8127 4941 7424 3398 3322 349 1700 5817 963 
3
3555 9917 8390 
3
2173 7863 2901 
3
1220 1358 9492 
4
6478 2591 1835 1186 
5
6584 2791 3933 2764 9309 
3
3508 9074 7526 
3
9168 4685 4942 
8
398 761 9349 9523 545 2501 6959 4146 
8
4274 5012 4390 1871 8648 9758 6423 5969 
6
7998 4066 2486 349 8087 7448 
5
9677 3041 9294 3459 520 
1
8363 
6
2345 5530 461 7746 4159 5628 
7
8778 4875 9333 8646 1170 69 8722 
5
8216 1335 8033 9484 8479 
10
8694 8318 4107 5443 2937 4453 6470 4742 901 9929 
1
8196 
1
4182 
9
2523 4829 2766 9534 1054 6179 932 3157 676 
6
466 2136 2823 7696 132 3560 
8
4041 1051 7322 4531 4541 923 1641 2630 
3
477 2625 5561 
10
9389 2501 8377 3890 7261 2889 3675 5773 9665 4793 
9
5446 6161 3824 4369 2651 1946 6354 1518 8800 
5
275 2270 5309 7246 4989 
8
4093 9511 5373 9672 7537 8178 4854 2634 
5
1555 5854 7251 4564 3452 
6
2712 6198 8694 2080 9509 3906 
10
2971 5544 8587 118 7203 467 7161 3856 4288 9149 
4
3831 9954 545 5638 
2
4104 8845 
3
8638 8010 1573 
8
8133 8624 4894 4859 3921 6521 6371 5238 
7
3109 9700 4427 5333 8699 8914 5730 
1
5684 
2
3847 2813 
8
836 5656 4392 4411 9491 9338 7104 6431 
5
3141 4956 8325 8646 2355 
3
3242 3900 6774 
6
1936 5586 1055 5770 1644 363 
1
5567 
3
8429 5049 9610 
7
3138 7846 8904 4589 3786 3552 3593 
8
6039 6832 5234 6457 5728 753 283 8275 
9
4114 8913 4554 467 2199 6245 5877 9198 2712 
10
6189 9848 1313 5421 7904 106 5920 2118 5216 4212 
9
1415 9713 8664 2999 4741 6334 540 5570 8473 
8
8060 2042 9279 597 8710 8003 7 7335 
6
7734 9943 9218 8949 924 6166 
6
5277 1831 6259 3282 2624 905 
6
7646 7251 6459 9384 4915 315 
6
5421 1245 1763 8735 1130 6240 
7
7732 9103 2960 3364 3631 5072 359 
7
348 3046 5683 6841 3002 4365 5718 
4
9804 8375 5092 9832 
7
5816 2808 8572 4289 6920 5775 2165 
10
8580 1115 4338 585 7597 7122 6646 9749 3575 2861 
1
8000 
8
7433 7264 5033 1431 2217 943 4179 4697 
6
3623 4503 3527 621 4367 239 
3
8281 1985 8301 
10
2151 9644 354 2258 3868 4355 5175 4941 162 6363 
8
9512 7015 2097 8116 1374 653 5314 526 
10
2648 3073 4063 2883 5251 9396 4130 384 3915 167 
8
3379 4515 8056 5424 7020 9390 809 7430 
1
1864 
10
2837 6218 7758 4748 6843 3715 1665 8167 7230 3838 
2
6341 7716 
10
7369 9948 664 6765 534 5720 6732 3287 4255 1238 
5
6013 6041 2410 257 8419 
8
7387 4021 3298 9340 5234 6879 3383 6645 
10
7074 4786 13 2339 8388 4360 5695 9542 8131 6401 
3
4946 3390 9322 
5
3751 9959 3044 2652 9894 
3
7684 4612 9222 
2
193 5971 
1
8351 
5
1769 3592 8442 1292 6668 
1
6178 
3
9958 5410 3058 
1
1924 
1
2476 
8
9175 841 8833 2242 3399 4123 1851 4051 
1
8227 
1
3638 
4
4667 7739 505 1198 
6
9654 1949 6451 1454 7659 6901 
4
2896 9142 3451 5111 
2
5878 6651 
4
718 1696 7670 2522 
9
7226 464 1314 6034 4241 4961 3226 4400 1588 
2
6515 9218 
3
1700 2595 698 
4
889 7715 4641 3981 
7
9890 8272 8381 505 1649 4165 3218 
6
1557 6085 1046 5595 2313 4468 
5
6243 6793 8814 5497 2165 
8
8770 1179 4545 2170 7890 5730 620 8779 
10
5737 9822 470 9507 7344 7429 6350 7439 8137 3840 
5
5417 7998 2516 2240 8808 
9
2523 3377 6983 9530 6528 1453 6228 5428 1716 
8
2883 9936 9100 5442 6121 3705 1425 178 
3
4719 7695 1068 
5
2948 822 8085 3943 4466 
10
760 9054 5155 9593 1585 2442 9415 8601 3235 6153 
8
9038 4674 7358 171 1291 2778 1072 7118 
8
5046 8761 7994 4535 2794 5032 3204 35 
2
7808 2562 
10
2128 4199 5041 4125 3929 5079 8800 545 1449 9392 
1
4222 
9
4068 3889 3912 5106 1786 6966 7914 8403 3036 
2
1870 344 
1
9992 
8
8598 4291 3263 8454 4184 6818 180 4744 
10
1199 2470 870 9311 6666 3913 8500 7820 8276 4836 
2
2090 4486 
3
9855 7224 5752 
6
8339 2406 971 8863 4543 9723 
10
9432 5209 4832 9615 4267 1768 6915 5281 1432 5515 
7
5237 643 5872 476 3615 8579 29 
2
116 9508 
1
308 
3
598 2326 4213 
10
3676 670 5192 9256 349 1945 1033 9822 6534 9231 
6
4445 2166 7453 9436 9539 3777 
1
8294 
9
4398 5205 9627 5716 601 8461 3626 1665 450 
7
1747 23 7212 8612 2013 2105 7055 
2
6978 831 
6
5629 4429 9587 8513 4381 4675 
7
5284 3259 1799 9938 7862 3227 6804 
3
1475 4134 9687 
10
1435 6535 7474 7072 3329 8784 1723 1717 524 6022 
1
4531 
9
1408 9007 595 6888 2172 1930 5957 8075 9450 
1
763 
4
3520 9245 6700 1361 
8
9933 194 3680 9317 8386 5195 7578 7010 
5
4428 1926 5857 7892 8969 
1
6010 
3
1006 4843 9273 
1
6058 
8
7504 1203 6863 1130 2802 199 4659 4963 
7
3163 3826 961 7505 2225 4105 9223 
1
5695 
6
8588 3499 4014 9489 9662 1578 
9
3475 4202 2501 8009 7921 3365 8651 9101 5516 
6
1443 3040 6860 2393 9588 9057 
4
1582 6972 1521 3897 
6
9913 2021 2343 9791 1203 8663 
6
9614 3088 7525 3363 2453 9486 
3
3274 2568 605 
3
1108 5823 9810 
2
6824 6532 
2
1008 9264 
2
9940 1377 
7
2382 8062 6372 8268 5630 8329 9681 
9
9555 4509 1880 1500 4253 5094 2409 261 3568 
5
8154 3558 3364 1040 7509 
8
259 7053 2214 2735 7070 6747 2369 2784 
6
2090 6506 8795 1737 8958 7740 
2
540 6223 
3
6016 6145 7900 
7
6899 1100 4692 2253 8194 4853 907 
3
7078 8278 1739 
3
248 4016 4080 
2
3510 9494 
9
4905 132 2800 9808 6086 921 9977 2200 2262 
6
2785 6544 8986 3154 4365 3000 
6
2297 9634 2549 8458 9000 8877 
9
493 8107 1294 580 2018 1151 3736 2019 5809 
10
5331 5777 801 4284 2443 5592 4065 2790 7950 6707 
7
4341 5329 5347 6203 3018 9500 7277 
1
8365 
1
7706 
6
9784 6201 2933 5539 6426 3471 
7
7040 2150 7603 3584 9724 1458 6416 
5
9557 3065 887 5204 3420 
1
2314 
10
4535 7509 145 803 6976 5108 8393 6042 2276 704 
6
6069 5333 1944 2490 1701 1960 
8
7071 2718 3528 490 9242 6905 2945 2102 
8
6019 6533 431 9991 8411 4603 3866 3491 
10
5835 3693 4893 2673 3588 8930 7971 5795 6502 3208 
3
6063 1160 3809 
1
4490 
1
7668 
10
9179 4853 7021 3357 9488 1391 2440 5800 8825 3351 
8
9698 9627 4087 9464 5493 7102 1484 9886 
6
8864 8808 9993 5308 3136 4288 
8
9115 6436 8831 4753 4731 4931 9489 542 
10
6075 3097 9059 2590 4813 4012 9284 4396 124 6867 
8
1186 6066 109 9812 5822 139 5530 1390 
8
4967 2881 3396 6476 7228 8843 9728 5858 
2
2070 6137 
2
2405 8579 
1
3272 
9
3656 2648 3091 8315 5663 4006 9379 6171 5557 
1
9542 
1
892 
2
6928 2036 
8
7222 6137 5346 5159 2657 6413 4439 9443 
7
3434 6173 1246 7632 1638 1335 4637 
2
5126 2617 
8
888 5784 6171 4806 5312 2730 7147 2767 
7
6288 4696 715 7505 6434 2983 9268 
10
5692 5314 6824 5183 477 3252 5256 9458 5880 8926 
10
8527 6949 8933 904 924 7681 1729 8416 9781 106 
4
6322 9576 7621 5937 
6
1527 9352 6922 8193 6393 7327 
3
6597 4825 843 
4
2195 1926 1742 9035 
6
9938 8657 271 3973 5939 8015 
8
2417 2964 9911 3348 1253 7509 61 8065 
2
1031 7689 
9
1598 657 7031 5754 267 5342 6550 7675 5278 
6
1129 1006 6238 6303 5945 7127 
1
4860 
5
6592 5675 7326 7808 8630 
2
1524 234 
2
5136 2161 
1
7691 
1
2491 
5
1496 3929 5677 301 7644 
6
2117 536 3495 4084 2950 9789 
2
3232 2279 
7
2137 4221 7474 3861 9926 3019 4102 
1
916 
6
1318 2274 1673 6793 8999 6563 
2
8143 5846 
10
5915 8789 6944 4635 4151 5410 8856 9469 7731 8814 
2
3649 7480 
7
592 2854 9268 3775 7034 2401 4167 
4
2004 536 3429 7095 
4
7624 2294 3469 5673 
6
8425 7729 7501 1811 3324 9800 
9
7786 390 8124 1028 4512 7534 3946 3737 8500 
3
4627 6640 4618 
10
4606 5085 7627 9679 7893 5974 7200 759 6068 6935 
5
1861 9773 6524 7615 3128 
9
2026 8611 5447 74 6758 7202 1801 5428 8747 
10
7340 9799 7289 4264 6207 8329 2240 8106 9783 7091 
9
6477 1822 5491 6814 531 2975 8266 9326 3071 
1
7630 
10
1096 7799 5272 5130 1018 603 1863 2808 1332 1397 
2
7123 5882 
4
9852 1566 4021 2414 
10
3647 1039 3035 6074 8912 8952 2103 5606 3985 5683 
7
429 7748 6345 4229 3255 5136 6069 
5
4690 7631 9654 3212 7425 
2
6977 8672 
6
2102 1820 8819 3745 4390 7284 
6
9257 4877 2728 5997 9731 407 
8
482 4196 8057 871 8689 3878 7593 5236 
10
1830 4049 9797 9538 7382 4095 2220 4530 1371 3768 
4
8422 7888 5776 926 
9
257 3715 165 8706 272 9504 7288 7655 1348 
10
2064 2427 2213 8724 5864 8183 5666 1948 7296 1590 
1
1921 
2
8154 5319 
6
2832 8008 5503 4028 7484 6263 
7
6324 5102 501 9630 3754 3865 8291 
4
6754 22 4052 6101 
5
8192 5313 3174 3106 8695 
10
2657 7732 6478 8137 3083 3690 2652 4231 783 2666 
2
3805 1593 
1
2131 
1
1147 
9
5407 9092 3580 7749 7673 6635 6148 5120 8685 
9
7682 6466 7770 4537 8246 426 5845 5773 6135 
1
6821 
9
6222 6219 3701 2537 3993 6932 6917 8422 3641 
10
5640 4124 5317 3635 8759 5072 3908 9250 8333 74 
6
3805 7418 7991 8668 4563 5409 
10
604 7926 5369 3794 7838 3613 2703 1836 2930 9300 
4
4404 4039 136 2006 
2
9221 9803 
6
6147 9045 1734 1906 1176 4595 
1
5878 
2
4627 1805 
3
1833 6137 2027 
8
5036 6175 9378 3374 3909 3555 6878 2972 
8
8390 91 120 1806 5822 9758 6473 6581 
9
4396 7755 2523 2712 2864 9694 8783 3865 3066 
3
2785 6910 9483 
7
869 6431 682 3249 3668 2780 5090 
3
9514 5445 1201 
8
3401 303 2602 5181 5797 9222 7988 9577 
2
3909 713 
10
8681 736 1833 5517 8335 4523 148 2801 5180 96 
7
9545 7913 349 3760 8069 3907 4019 
9
8457 7050 5961 9073 5196 3283 8247 5151 2074 
10
6859 6749 5859 6976 3927 9770 2522 6947 3153 360 
1
5697 
7
6815 3509 6965 1351 1896 6388 6410 
5
339 792 1217 3386 2738 
4
8463 9720 4876 6304 
9
7657 5451 2112 9414 2254 5149 5915 5453 1630 
5
3448 901 2787 6925 6949 
8
2761 1275 3295 9183 6338 5472 923 30 
2
2637 1424 
8
3369 1691 6970 4090 2335 8466 7945 986 
8
4099 8480 3261 1364 7151 7047 9462 5732 
9
2809 3598 4259 1848 2630 4386 2114 9615 3458 
10
3271 9571 8020 1746 6219 4588 6953 349 6989 5813 
4
3853 9454 6587 8537 
4
307 2690 5201 742 
2
9904 4913 
1
6533 
7
6218 7891 2722 5440 1310 8284 5153 
1
7317 
8
509 1616 8187 918 4883 5553 7040 4702 
2
1637 5351 
5
6281 95 4360 516 2264 
2
4190 2049 
2
6001 8841 
9
6914 5555 6445 316 9284 6925 5954 8527 2447 
8
5314 7062 290 4808 6974 4812 5246 1857 
5
1684 9064 9350 219 2929 
8
5691 9055 5164 2691 1309 7045 3041 2562 
3
1713 3810 4623 
1
3083 
9
4402 8686 4045 3628 2889 889 6120 1946 6390 
10
7999 5886 63 8551 9098 2812 413 933 500 4445 
4
6483 9950 894 4771 
4
4554 4719 6226 7680 
10
1812 628 1304 844 8360 5128 7204 5550 9957 6255 
9
5881 1277 3518 6611 2229 6005 5552 10000 7822 
2
1569 3299 
10
5816 8772 3770 7814 5089 9213 6697 7042 533 3495 
3
3056 6986 4736 
1
3633 
3
9944 7300 1160 
5
966 8985 1469 1052 387 
6
4779 5426 781 766 4275 1729 
5
5815 1639 874 7889 1324 
9
9955 7259 3316 6328 6243 2528 3241 3136 3047 
5
138 1083 6911 7590 2889 
7
2849 7286 302 3309 5189 3377 4242 
8
9976 1622 8965 9820 4122 8253 6009 1354 
1
6110 
5
7188 9346 760 9091 7019 
9
9531 3201 8626 9810 1214 2708 3505 4533 7802 
2
820 6239 
1
9025 
5
4605 5272 7782 8853 3551 
3
7089 4976 9546 
4
5400 276 6551 6408 
5
8994 6145 2933 8155 350 
7
542 3832 7502 119 8014 9541 1134 
8
81 603 5391 1297 9434 7577 6179 8443 
5
4355 3458 3219 5286 766 
9
66 1040 7909 8310 4484 5295 7736 2621 1113 
7
3415 3654 7207 7586 1115 1661 3350 
6
8862 4416 1459 7452 4606 5525 
9
1874 7855 7777 7243 2234 1318 9250 4868 4337 
8
6982 437 1785 8198 1121 5759 4471 6033 
7
8870 646 8836 1568 3891 1074 3692 
6
7251 782 726 2507 998 8623 
7
5388 976 2110 5232 7247 3916 3210 
9
9666 9060 5683 4919 521 474 9313 6884 2124 
1
2523 
6
151 9830 2208 452 4297 833 
7
1184 8213 1124 2788 8518 5508 1332 
5
2316 9872 5018 9163 8926 
8
625 5806 1386 22 7500 9586 4258 9226 
8
6400 3021 6578 7967 277 9030 3711 7133 
8
476 6308 1017 9490 5520 999 9494 5032 
7
1830 4782 5589 6053 4815 2013 6377 
1
8886 
10
2235 8826 8180 5367 2885 7533 6562 7679 1315 9443 
8
7432 4951 4858 2598 6500 6679 1958 6615 
9
3757 4924 1408 5481 9398 5319 6720 4311 3445 
6
7259 9890 1501 5980 9082 7374 
4
5039 5622 4884 5944 
6
241 7537 5482 9771 2445 9749 
7
9637 2451 5237 6019 8431 4254 9258 
8
387 1325 687 5824 2272 4404 1494 743 
10
1212 1332 832 8179 222 8016 2967 4251 1324 3321 
8
4110 7065 6589 987 4767 3131 5378 8840 
4
3248 2849 6067 1081 
8
662 380 3436 3106 1409 554 3327 2842 
4
9733 2362 7899 7587 
3
9430 5316 4174 
2
7907 4712 
5
6586 978 9824 3917 7230 
10
4791 7518 3821 4585 6764 8218 2344 7578 7220 5458 
6
7888 3253 970 2795 5570 4172 
1
140 
5
8823 4146 8422 2826 3708 
9
6864 896 8033 3047 4629 3158 2834 3650 6736 
8
6846 9165 6884 9130 4121 9465 7767 1947 
8
5627 4210 6989 5505 3610 6066 4907 151 
2
3930 1540 
2
6889 4175 
7
6158 6718 635 6802 4593 7100 7323 
9
3916 6542 801 829 1252 2903 1890 961 3567 
7
9992 8251 3898 7183 3105 5045 4836 
10
127 7535 32 5386 6343 9579 9767 9892 5042 6560 
6
1836 734 4056 9926 814 333 
2
7810 3418 
3
6609 3790 2742 
7
6522 407 5898 7289 8186 9420 7859 
4
8077 9473 241 9558 
8
9837 8344 4681 6961 8396 946 234 2658 
7
5899 3226 505 3061 5012 4945 9754 
6
4994 870 860 9801 9132 2008 
6
9505 7984 1545 3950 3542 3630 
2
9231 239 
9
7520 6996 1607 5759 93 9989 1920 8615 8296 
3
5324 4389 7829 
3
9634 1835 4350 
8
2063 6452 5056 8497 690 9979 7918 528 
5
497 9294 3521 7485 9035 
9
2073 3704 3826 5401 8771 3759 7474 4357 1438 
5
139 1841 8973 2806 8915 
1
7286 
5
8178 5296 7396 8575 532 
4
5957 1676 4779 4422 
10
4375 186 4159 2944 8508 7419 3198 7003 4986 4634 
9
4124 2342 9912 3861 1302 2103 377 493 5599 
10
5574 5113 2561 5993 1932 8714 4604 621 5946 6486 
10
5598 4567 7351 8666 8901 1450 3978 174 3154 9617 
5
6444 970 5819 5425 8921 
7
5645 6133 9593 8074 1728 9593 3001 
6
1745 7056 8261 5651 832 8847 
10
5904 1474 639 2758 529 1712 8431 6282 3798 5462 
7
1887 4482 9220 774 8166 9580 5024 
9
1974 865 3441 306 5898 8240 3957 9303 8657 
3
2429 2160 621 
5
5932 984 628 6082 412 
10
8049 5286 745 5454 6772 7550 4995 2387 5246 8962 
4
182 6262 8221 2856 
5
7623 5215 2616 4333 1167 
4
6559 537 9041 5163 
4
8048 9444 6808 6990 
1
7186 
6
2218 7069 9179 4782 2617 8025 
9
9571 1423 8799 5911 4844 4821 1789 7997 1353 
8
9012 7519 1774 2760 8346 5568 8962 7082 
9
9079 929 886 3263 9934 4955 2922 9548 7124 
5
4261 1990 4539 6097 60 
10
8283 784 6201 1982 7853 2384 743 1275 1201 6421 
3
5236 3017 4182 
10
7603 5004 2271 2485 1844 771 8864 3320 827 1583 
8
5815 9340 1121 3227 5224 3265 4065 9992 
1
3480 
8
9187 6420 3523 8598 8816 7245 1734 1180 
6
7313 3948 2499 1825 5818 9794 
3
8657 4564 6010 
1
3289 
8
3562 5218 5649 8226 2091 2313 2516 243 
8
285 1138 2719 4506 3197 47 3528 1200 
2
4050 9506 
6
9676 1592 9445 3209 3629 4590 
4
9322 5757 7930 6222 
6
2221 1635 3082 2117 4788 7524 
9
6469 876 4654 6393 4866 9494 5603 5114 3347 
2
8955 6865 
8
5592 6274 5510 7047 3730 3960 3143 9578 
5
4816 4963 7311 3874 7826 
6
9487 2240 729 1573 1911 5158 
10
6897 1530 1921 6699 9714 8765 7652 4976 5294 3850 
6
5985 8926 6654 1537 2430 4862 
2
4643 7610 
8
5382 977 4189 2468 3801 9199 5826 7032 
6
2202 9850 4631 2371 8558 1591 
4
2576 9824 4977 1386 
8
9478 2660 140 4349 8825 4720 5315 8699 
4
9288 9520 6213 7098 
10
9559 7556 1953 6639 3137 5381 5416 3610 9051 5259 
4
3063 8357 6315 5959 
4
3876 7439 1848 1068 
6
3460 3725 9070 7606 7836 307 
5
9688 7756 270 8328 9032 
2
6724 6993 
1
129 
8
9510 3198 9892 9680 443 8576 4159 5096 
6
7532 9322 9869 9431 9066 963 
4
201 9368 9053 7422 
3
9590 1420 5948 
9
1319 5690 9802 3223 2470 292 1299 1391 9294 
1
8501 
2
7809 4058 
3
1086 9138 7589 
2
7111 8427 
9
6786 1008 2888 7390 2044 7996 4170 8803 404 
3
5781 8453 8354 
7
5458 8448 9215 9380 7741 5879 3979 
7
9112 7486 6456 5648 8183 8257 653 
3
5234 8043 2084 
7
5670 1728 7851 4699 5476 4083 8967 
7
1089 320 5084 8927 6980 9620 8454 
5
5227 2032 7780 2051 4662 
3
8520 1278 6858 
6
2344 9731 8799 5155 960 6691 
5
6225 7389 9999 3109 556 
1
7856 
10
4604 5337 385 1004 1729 8088 3187 326 474 2575 
2
3994 1759 
10
7129 9115 6520 9302 4144 6051 3972 8838 8238 6157 
7
5153 5046 7356 700 5386 32 9987 
6
6279 4776 5147 9861 2595 5741 
8
8260 2796 2386 7396 2908 3190 7071 7146 
1
1462 
3
7244 3229 3783 
8
3654 2790 9224 866 8633 8757 380 5485 
9
6309 6024 6803 5327 6530 2745 5859 5656 9487 
2
752 9812 
5
5636 4850 2264 2369 584 
2
4588 4494 
10
6682 3837 5944 9569 7538 941 8902 3623 4247 6430 
5
2684 4690 3562 5879 3961 
1
9454 
6
4798 1506 5243 8142 8637 5090 
8
6734 5660 4911 290 5559 903 9307 5155 
9
2443 9799 2806 7199 3405 9244 3873 7422 657 
6
4012 7653 6067 3891 451 8468 
6
3785 455 8819 8463 7133 9694 
3
6563 8493 2847 
4
4742 2567 8007 3438 
1
5088 
10
3361 3981 9694 3426 2523 5417 7117 6995 2474 5432 
8
7286 1968 3960 6851 3914 6289 508 6485 
4
9432 2348 5183 3585 
8
8912 9360 5496 1633 4392 1660 8508 683 
3
6700 5394 6393 
1
6409 
9
7192 2823 9317 3063 6811 1137 4499 7924 8375 
8
1545 5357 6213 9303 6917 3770 964 5188 
9
8025 6917 9690 7902 3993 9821 219 3942 1967 
2
5599 442 
1
7902 
8
7608 7174 8167 8699 5046 947 5733 805 
8
1362 1683 4 2927 3785 5518 8994 9591 
1
1689 
4
1187 2396 8535 3834 
8
3643 7956 3662 1022 7503 1645 6019 4296 
10
1074 201 5933 2521 1723 3489 2886 5781 2801 8980 
10
4895 1985 1034 4164 4068 4765 3172 5373 8532 2074 
9
5311 1542 2338 7118 6631 7040 4387 6192 4036 
3
9007 2840 889 
1
7754 
1
4015 
8
3823 1510 3953 5658 9100 381 6494 6495 
7
220 4123 6468 965 9958 4350 7038 
2
7857 4612 
2
3106 7656 
2
7977 651 
5
1881 8888 1713 1640 420 
4
7998 9482 1016 8220 
7
6042 2996 904 4549 8247 6765 201 
8
8660 4137 7733 1279 6631 549 5955 249 
8
4448 5650 6584 9389 2701 9984 608 8770 
1
6532 
4
9936 1107 260 5066 
1
2103 
7
1530 2692 8787 1029 2771 7595 6785 
10
702 7838 1914 9687 3609 4326 784 1704 1973 9459 
4
2863 3144 263 8003 
8
1067 105 2579 403 9693 5922 8469 4245 
7
1571 3166 183 2278 5869 9684 9901 
3
5128 8756 3488 
2
6605 5341 
7
1106 9468 7171 1524 39 5030 2205 
10
235 8100 7431 7959 41 862 7632 6681 1732 8501 
1
2543 
2
570 7460 
8
6012 4724 9490 4032 2480 6270 1894 3264 
1
3782 
8
3679 8111 4880 1379 3299 1338 4737 1119 
8
4093 9092 6135 3451 5226 8856 1264 9469 
10
7152 3984 7342 8588 3858 3348 8998 56 6857 8747 
1
6493 
5
6265 9617 9023 3379 7509 
1
9578 
6
3947 8867 2409 4964 8699 6715 
2
4302 8855 
4
755 5473 4761 8732 
4
579 4027 7826 9928 
8
1565 3713 3899 7842 1155 7049 8648 4977 
10
5039 5434 9090 4140 2043 7374 1199 3562 2282 246 
8
2083 8493 4951 2812 894 9352 1836 9349 
10
3605 4545 8590 2235 4591 9241 4691 6672 3495 5001 
5
9390 546 6874 2966 6465 
2
1498 8563 
8
1495 2044 5681 2915 3118 2884 3489 1598 
7
4732 3754 6613 2190 1698 7751 9125 
9
6743 3703 9378 379 1313 7019 2630 1795 9034 
8
970 156 3455 8834 142 8338 8978 6958 
1
3718 
7
3904 6156 8060 397 8258 3272 3901 
3
2987 6891 3989 
6
4845 8537 1638 7299 2840 5289 
7
2459 1908 7831 9510 6573 4667 5635 
2
3513 1180 
1
4355 
6
6618 3717 8643 4909 907 7455 
4
2460 7834 9309 6958 
3
9845 7875 1335 
10
4959 1928 6449 5052 9551 5401 8023 5186 4127 7779 
5
6224 5550 5868 9031 9996 
10
2683 9048 8879 8935 6443 5597 9078 6642 7516 7060 
4
1311 4834 3406 3486 
8
3652 4302 8301 1547 1086 3373 4320 1692 
8
2729 9512 4497 2893 6274 6346 3276 381 
9
208 3157 4059 5343 2488 4021 1575 4697 1763 
2
2261 1787 
6
7211 6972 2008 9167 2491 473 
8
8310 9956 4041 1949 7599 6167 6418 2850 
2
1589 683 
1
321 
3
9535 6103 6018 
6
3374 3917 8835 7850 9420 1615 
2
7057 7457 
9
1904 8540 7255 4045 2180 7046 3071 3312 9303 
1
236 
3
1806 1880 37 
7
1715 1624 2984 6437 8404 265 530 
4
8947 1851 2808 7576 
10
3009 9793 3304 4418 8752 1801 7495 1211 2915 7376 
10
671 2825 8889 1702 9333 3188 4956 3483 1349 8380 
4
5722 8511 8091 6626 
8
8083 175 5272 8392 9239 8507 5966 270 
7
8469 6736 5542 2249 1097 3502 5007 
7
6677 7243 6633 4515 9964 8303 5752 
8
4659 7269 757 8594 4983 1918 7260 2291 
2
6076 3343 
6
5359 663 2273 4535 4046 5067 
6
6864 4186 5224 9724 1120 8340 
3
2306 8890 1181 
2
3698 2106 
5
5627 1990 9405 7181 1942 
2
7684 3116 
2
6683 7397 
8
396 9683 6122 7112 4139 7977 1024 8485 
9
4472 2296 9605 7836 962 1162 2233 986 1339 
7
2632 3476 7789 1440 173 9594 9795 
3
9302 8625 2158 
8
9031 6142 99 5325 4901 4190 363 887 
3
1441 530 3681 
6
7658 3016 5633 3039 513 8099 
4
8662 8226 1370 9036 
7
3179 5132 4262 2259 9841 1255 2164 
4
3596 9426 9920 3699 
4
5236 5191 4987 5376 
9
1323 2254 7693 5988 1009 6223 3573 5224 7028 
10
9988 2174 3632 7020 5592 1011 247 2705 6262 4199 
8
2439 4678 1614 8755 7973 5730 2978 7199 
8
6363 9872 4036 805 788 5831 713 6298 
7
444 247 6248 7114 6056 4908 8891 
5
6888 729 4258 8032 3228 
10
8255 6780 7913 3319 3064 211 3032 367 1657 883 
4
1454 8511 7968 1887 
1
2174 
10
5006 5835 7676 2484 568 7072 8405 7479 4860 1627 
9
9069 1464 3505 1232 2767 5986 9627 1614 7191 
9
3368 5367 1894 1639 8808 4459 7616 8286 8930 
1
8379 
10
4399 627 3507 4335 5341 3752 2617 861 4589 7466 
3
3786 8645 5885 
10
5386 2879 4501 3888 7957 9528 3392 6758 680 1138 
4
3395 4371 9571 3030 
6
3565 2019 5164 2118 8620 274 
2
1751 6045 
6
3586 8261 1490 6050 8483 745 
9
7268 9712 3309 1708 9473 6563 9250 9655 909 
2
2876 3327 
2
8666 8337 
7
6536 2039 4845 6511 607 2126 417 
8
2466 9484 2175 4049 3543 6115 4816 8371 
2
12 5567 
3
5651 7536 2267 
8
3288 7213 6072 33 1341 8088 7518 2964 
3
2069 4569 216 
2
5936 7799 
2
9541 4248 
6
7222 9141 1534 2468 6405 6477 
1
8004 
5
3148 8087 1407 5984 1555 
7
6841 5721 8247 9264 1352 4286 1394 
5
521 3704 98 5197 8682 
5
1864 7718 7601 6017 8715 
5
1091 9878 9747 5371 9038 
2
5294 7161 
8
8666 8990 74 5326 7223 4568 3058 750 
5
2887 2279 2813 7357 3960 
3
7657 4092 76 
3
2104 8018 9336 
7
5375 9220 9224 8415 604 7499 2712 
5
4861 2690 1769 5412 663 
7
7123 2974 3104 1883 61 4971 9797 
3
246 4148 8564 
1
6639 
5
403 9994 8831 6972 2712 
9
1934 8932 9166 3938 3258 9739 2263 9336 3109 
10
2180 6246 277 821 5054 3423 8051 2321 6993 348 
10
8208 588 1433 1123 798 9938 408 6029 6128 3324 
2
5780 5852 
3
1487 8436 9371 
10
6365 7297 5246 902 6295 8207 9286 9337 6737 6521 
4
6530 1268 8747 8213 
2
8125 1527 
2
854 3388 
4
782 1837 7589 7658 
5
7920 1347 7927 7270 5278 
6
4909 3198 7852 8158 9746 9921 
2
4017 5135 
9
6567 6595 1202 1413 5984 6127 5596 9871 526 
2
243 855 
2
2077 8176 
6
8463 6733 9586 6907 9516 5361 
4
2145 5062 1244 1709 
9
2083 4688 918 4194 4640 2120 2033 1343 8732 
9
384 5899 923 9271 4042 9033 5907 1507 7943 
10
4754 1613 453 8170 775 5425 6487 2934 5316 9615 
9
7766 8979 1821 9820 162 734 8227 6392 7891 
3
2878 117 89 
3
7405 3257 7878 
1
4423 
8
2433 2378 3539 81 195 189 2686 8900 
1
7879 
1
2428 
4
7022 5784 6164 3172 
5
4293 4904 4594 3081 7018 
6
9641 7296 4106 9553 2781 1547 
3
357 9331 1510 
6
1045 9159 656 3018 7105 2422 
6
2617 7776 7365 5430 7954 6907 
2
2533 3596 
8
5931 5882 2053 8480 3516 1673 9726 689 
4
7241 362 1453 1177 
4
4851 2897 2245 5007 
2
8975 2754 
1
6256 
10
2691 9771 1338 8066 9614 2048 7210 5872 7326 3592 
3
3797 8913 1942 
3
3673 6794 5379 
3
9636 1616 2234 
6
8085 1165 4315 3357 4268 8192 
2
8413 464 
2
6619 3600 
2
2918 9406 
3
5800 3195 9985 
4
1019 5736 9064 2711 
6
336 8698 3846 924 8698 3171 
9
1825 5055 3234 5043 3498 6880 1516 4911 7293 
1
1544 
6
3122 8289 945 1929 5961 9779 
1
1244 
7
4833 1422 1789 2146 6848 7485 5185 
3
5125 5248 4017 
6
2732 8246 3976 3657 6899 6900 
5
7810 7116 6529 5286 2763 
6
2440 5562 434 5204 5561 3792 
6
7997 8280 7610 5171 3546 5484 
9
1725 7060 5937 4653 4435 2451 2310 9612 3559 
3
5456 2536 1855 
5
2550 9095 659 4029 6707 
9
5379 3952 7831 994 5966 7771 3366 1404 9644 
5
6439 9971 1510 8148 3526 
7
2664 9572 19 5053 1894 8718 1921 
6
3540 453 9831 1430 2892 6911 
6
4462 9596 7735 4706 5891 213 
5
2296 885 6222 1710 2271 
9
415 6439 2720 8087 8166 2976 2507 7933 3893 
6
6309 186 4530 5105 5701 4547 
9
5187 7590 6850 5406 1031 9144 706 125 5133 
9
3700 8263 3015 5090 6893 5464 9227 9982 8886 
2
2677 3488 
1
8308 
1
5246 
4
6167 3735 1327 5039 
7
3257 8206 1707 2552 5554 4923 4015 
8
7058 2202 5609 9945 6010 7634 7808 1793 
7
6432 1451 3290 7685 5921 4839 2068 
3
7867 3700 3701 
8
4917 1576 8728 1057 9402 9356 8890 3015 
3
3386 3276 6216 
8
8853 4627 6904 63 8017 9947 8412 1302 
10
5920 5119 1631 5009 2163 5361 5325 211 428 9842 
8
7232 6898 9467 2235 1058 452 4310 7366 
6
3139 8865 973 1015 3782 7504 
5
5312 2421 5688 2817 4103 
4
1348 4520 1386 4644 
7
1282 7720 3290 2631 4054 551 7852 
8
5936 9086 6039 2912 4286 1915 1980 7677 
1
3455 
3
9490 7980 3581 
7
661 8511 8607 6133 3490 8302 6193 
2
5191 9660 
7
8353 9079 3441 4603 4902 3895 9736 
3
4450 3364 3122 
4
4148 6138 6113 6525 
2
6430 3725 
1
4330 
8
7555 8989 3076 2379 9456 2406 5476 7774 
4
725 2560 5392 4200 
8
3121 8904 7462 4522 3541 4546 2178 182 
9
7866 1329 4162 2239 5541 9051 3827 4980 3384 
6
8401 9643 670 4591 1433 4101 
9
1229 5980 2919 1556 5484 3679 4124 2316 2807 
1
4752 
10
639 6488 5238 8172 7894 429 8978 3093 3108 9179 
7
9117 6262 875 43 9196 1945 7195 
8
3394 6596 3770 839 5666 156 7678 215 
8
541 3199 4244 4508 6871 6601 8959 672 
8
206 1262 9889 4362 689 7835 6819 9861 
6
9427 6019 6240 8331 8135 9887 
10
7087 7919 2170 5671 236 242 3962 775 7227 2511 
1
6476 
6
6552 679 7340 8437 7106 374 
2
5078 3894 
8
1977 2707 2002 6565 6659 4169 6457 239 
2
5337 2927 
2
6720 8135 
4
8420 6325 3405 5716 
6
8702 6821 4002 7216 6925 947 
2
9942 8714 
3
8402 2968 4482 
10
3867 722 9747 6997 9563 7937 1489 5354 6455 5625 
10
3569 4474 6432 7432 293 3472 1553 907 3201 4716 
7
2082 854 3602 4863 2197 3962 2910 
9
8494 9251 1051 4728 222 2624 733 2069 5737 
9
3560 3296 5925 8602 9830 4159 2318 5507 4517 
3
9701 9323 2854 
10
9244 272 9967 6883 6908 6425 4314 7605 8655 6941 
10
3065 7270 5977 2367 5308 1605 3854 8608 7633 8866 
6
6962 5312 8457 4840 7713 6707 
9
6531 7232 3352 3146 6913 1316 8690 431 2359 
8
791 3316 6221 6453 7507 7434 3744 5985 
2
6533 7633 
1
8429 
5
8501 3711 5171 6024 5027 
1
4947 
5
6105 6603 7882 1164 2007 
1
1898 
6
8418 4835 6316 4478 9299 6798 
5
8075 9030 340 8463 2489 
5
9243 1075 8704 392 6155 
3
540 3812 6516 
9
8204 1086 7958 2238 9859 3268 455 1965 4234 
9
9632 5874 363 7439 9360 5208 7559 4057 7895 
8
6914 8843 8716 1906 9442 1657 4905 1505 
4
6860 1418 1442 6262 
9
929 9780 7550 39 7668 6042 9361 4405 1933 
9
5741 9202 2057 8242 6016 9163 1051 3180 3599 
7
6678 4493 1232 776 7734 6971 9296 
10
4551 5888 9725 8930 3452 6076 8029 8209 5882 4994 
8
6828 8699 4070 4371 8619 923 2534 7221 
1
4910 
2
800 286 
2
449 5178 
4
1731 3527 176 3070 
9
5641 3249 6113 4280 5431 4080 8192 5688 1443 
6
6384 9592 692 5486 1482 9286 
6
4071 6618 4642 9634 4133 1072 
6
9760 6785 1538 5553 7525 8580 
2
1148 2285 
6
7534 1284 7876 4088 342 3151 
3
5730 5203 1574 
3
2844 2703 1352 
8
9396 8759 9942 5624 1983 5977 869 5113 
5
6620 3519 4182 7453 1944 
10
5834 4892 7994 9568 5076 6371 2178 1629 5445 1627 
9
8901 9541 7503 7195 2275 6991 6094 6097 3210 
10
1725 9944 7696 8188 2802 4741 1710 8969 4138 1439 
9
9826 8676 1604 1596 1525 4723 9716 5300 8374 
4
3108 5763 6985 5990 
7
3622 604 5173 859 3263 4347 1679 
10
4083 7082 3821 1676 2428 2766 4219 7500 2104 8740 
2
7821 7065 
9
6520 7709 292 6656 4162 9282 4594 9712 5713 
7
9537 7683 1351 3378 6963 4248 7397 
4
6158 8065 3141 625 
3
4438 3345 8624 
2
1520 4761 
9
7430 4431 6496 6636 7131 5621 5647 9902 2353 
6
433 9604 4293 9124 1174 344 
6
6791 3680 4460 4514 2947 6329 
8
5834 400 746 3433 2463 5415 7317 9416 
5
3527 2029 8609 2827 8836 
1
8857 
6
3395 3029 8184 5744 7520 176 
10
2590 2824 4191 8324 1566 1519 9833 3893 5210 2284 
8
3193 8543 1192 8254 4651 1696 6962 6910 
4
8851 8925 5071 3937 
5
9568 6381 9187 9108 8230 
2
2046 4659 
10
9138 4962 2370 8358 293 901 3129 8202 1771 2815 
3
5219 5876 4844 
4
111 2227 7822 4851 
5
5089 856 4335 1584 1545 
2
7585 4790 
9
4750 1049 1330 8666 7367 4878 2375 9501 8499 
7
858 2097 4507 2728 9144 3957 4860 
2
1934 3469 
6
2427 7647 3136 5453 1999 257 
4
2636 4565 1744 2043 
3
6863 26 8325 
6
7858 850 4162 6303 873 1005 
4
414 2896 3799 8099 
2
8538 5167 
3
3828 284 1527 
1
6337 
9
8293 4111 3961 9730 677 2006 9322 3557 6421 
5
259 6495 8103 7891 5562 
5
2226 3883 918 1169 4545 
5
7030 4601 6003 4557 2168 
3
5609 2946 5634 
8
7259 984 1005 3703 724 31 6517 7308 
1
7801 
7
3076 3302 2736 5698 1098 1753 7454 
3
8922 7749 7907 
4
7015 4409 8339 5859 
6
6230 2197 9186 7968 3572 7477 
5
7044 6365 899 8942 2211 
10
4258 824 7378 4416 2377 7961 8283 4867 6630 7195 
4
5059 3830 8632 4598 
7
2270 7891 2655 6765 9173 64 3185 
10
8295 8 7610 6480 4676 8822 9850 1713 2302 8796 
7
6900 8863 2847 4076 8799 4353 2854 
5
8252 5444 8159 6101 3611 
2
8682 8625 
10
2961 7821 8211 8731 1725 6382 7847 1086 1488 9260 
9
9765 383 7542 7925 3378 9649 6066 7133 7133 
1
3640 
1
2687 
7
3428 5749 9623 1343 8584 7899 4937 
9
3639 9060 6442 8007 4411 3789 6422 1530 8768 
4
5979 6693 1063 1643 
7
1119 7988 9951 8797 293 7232 9105 
8
8279 3896 9652 9238 4007 779 8301 2287 
7
9712 7222 236 2661 9134 5179 6024 
7
2339 5136 3970 5966 1470 41 7933 
10
7220 9489 8319 1566 430 8964 1187 8874 2601 7444 
3
9282 85 5080 
3
894 2887 3240 
1
9448 
6
1634 789 6337 4771 5960 1757 
8
2890 2832 7610 1408 4130 9939 6452 7371 
3
7390 5157 1210 
9
8756 8891 898 4149 8698 8777 7370 2461 554 
5
3135 6295 6481 539 6830 
2
8880 9241 
1
2030 
7
5554 547 9023 1973 2315 7820 2333 
9
4576 822 3751 8885 3264 7238 8860 2581 397 
7
5280 9708 2557 2890 9501 344 6172 
9
7951 7177 9096 4900 7351 9990 9731 8243 3209 
