300 800
254 205 968
117 158 969
91 156 965
280 145 621
57 94 648
67 13 410
72 193 282
11 86 174
36 85 699
218 178 613
222 258 455
1 22 403
158 261 830
85 217 487
166 157 326
166 101 705
98 24 595
4 33 930
269 162 214
131 154 956
226 193 64
75 139 547
299 189 695
62 262 757
251 2 532
204 17 651
97 144 235
193 121 992
21 237 899
172 188 750
130 126 665
218 272 433
50 264 32
277 156 834
182 11 333
118 160 175
114 83 227
299 3 441
142 274 557
224 227 952
112 281 988
135 23 769
43 167 37
108 140 598
241 66 991
68 60 531
54 245 285
12 225 362
77 223 344
292 33 3
39 95 497
10 179 592
206 7 745
229 6 207
236 77 170
161 164 658
300 173 945
82 282 579
128 74 571
5 228 153
57 174 631
104 59 283
244 228 143
213 156 80
102 289 88
265 207 713
54 192 81
144 253 250
237 211 686
282 124 249
229 190 589
20 140 727
109 121 650
171 74 858
227 23 165
189 19 610
136 32 380
23 132 815
256 42 135
86 87 350
12 191 833
165 233 246
78 192 261
248 218 977
88 65 116
243 240 776
150 120 221
216 143 17
215 95 87
245 102 2
58 14 507
201 184 933
181 245 428
4 158 587
264 99 691
41 56 702
61 223 984
36 10 951
247 185 756
296 241 207
155 181 136
295 17 954
219 147 569
258 183 610
144 104 23
180 236 615
286 106 938
203 54 453
263 105 503
215 81 530
200 137 755
57 197 188
146 61 998
117 185 220
6 207 659
229 92 896
128 135 418
107 105 399
115 300 760
204 31 408
16 149 536
74 112 491
192 298 898
167 204 621
298 114 74
34 79 31
222 248 686
37 274 667
68 290 512
163 62 626
293 6 883
72 14 950
256 58 177
112 41 492
145 159 58
107 31 339
45 150 922
267 77 440
116 160 594
63 49 760
175 201 654
236 140 757
222 194 394
260 286 326
243 188 719
61 34 60
100 186 59
26 227 677
219 122 612
273 119 339
217 135 229
11 289 263
142 162 739
261 150 579
56 148 209
110 48 121
275 113 73
116 162 638
226 231 943
73 271 503
274 242 336
294 126 93
147 201 441
120 34 767
31 252 201
99 133 920
144 191 680
166 56 112
223 199 267
143 165 542
9 225 661
68 48 403
192 138 83
273 157 926
134 125 827
103 141 674
216 280 212
117 228 567
90 38 44
29 257 192
80 296 985
59 43 980
14 294 666
188 95 16
10 186 88
273 177 844
204 217 423
55 179 345
217 83 258
35 227 248
257 111 38
157 27 969
284 112 529
121 299 205
219 41 84
138 140 650
1 202 857
117 49 181
263 278 658
107 85 290
38 280 386
2 198 96
245 200 812
102 102 870
297 106 901
76 127 591
153 281 735
262 276 537
57 297 637
149 210 579
202 131 879
285 189 624
36 72 80
139 92 291
72 288 479
59 158 721
191 225 615
60 163 829
110 21 741
113 103 285
287 95 715
171 145 126
1 134 149
134 55 219
14 155 801
184 177 20
249 61 220
52 275 206
21 220 583
158 60 571
285 174 512
271 236 393
35 4 479
146 143 246
28 215 239
274 273 657
275 196 939
219 31 960
37 131 558
118 126 147
41 56 26
201 261 674
18 65 579
23 106 6
7 127 467
219 159 663
198 275 605
217 139 667
166 100 992
280 272 814
208 300 274
116 135 476
122 193 789
96 4 887
55 54 817
119 281 795
99 143 273
262 83 97
59 154 706
133 161 588
144 291 844
73 218 275
4 42 668
137 216 940
238 40 690
256 62 176
186 92 45
70 192 339
105 37 55
7 160 519
251 20 639
250 83 199
293 88 820
196 121 931
176 132 841
161 198 610
244 147 737
229 291 304
235 221 883
25 24 766
270 290 531
70 167 583
289 125 423
216 259 536
18 258 848
113 205 500
56 272 653
228 199 10
220 5 706
153 114 500
102 112 846
210 289 492
290 262 593
176 192 59
23 253 843
17 225 309
54 39 35
260 187 39
239 48 87
241 168 37
4 60 664
76 27 486
272 101 619
215 35 550
157 181 865
131 201 631
71 251 344
270 292 556
268 115 506
165 78 311
241 275 450
47 295 394
184 56 953
178 77 657
132 298 964
286 72 87
138 237 821
19 300 283
247 100 327
18 283 800
176 288 266
227 125 798
218 187 159
130 259 926
42 90 340
241 234 814
245 160 824
31 287 570
172 41 171
62 48 954
63 130 133
80 215 415
219 165 134
50 55 589
143 45 737
100 186 217
284 8 883
154 73 325
123 39 217
107 128 740
26 124 414
49 296 131
75 125 506
288 14 855
240 80 616
32 166 828
243 141 192
81 172 834
215 119 354
206 220 982
143 93 879
176 275 260
215 156 531
69 141 526
207 190 918
293 211 210
53 165 854
137 144 849
188 127 529
232 47 28
199 38 928
142 102 81
27 180 469
241 86 217
295 293 697
52 121 746
119 95 66
129 4 678
14 64 768
253 78 69
275 8 804
47 150 370
71 197 125
32 139 636
273 75 386
219 279 380
17 101 57
235 193 318
185 11 852
114 104 560
40 258 657
26 18 388
238 253 950
298 298 488
67 266 411
138 53 725
90 231 770
151 129 439
134 117 696
164 100 526
275 261 174
275 143 843
288 275 11
163 80 549
117 264 298
59 113 731
176 14 537
300 181 463
30 74 509
266 78 573
36 293 58
228 124 888
65 94 896
90 74 733
19 98 559
57 8 978
179 173 491
48 237 131
76 104 917
73 250 625
110 191 135
15 48 59
78 180 192
95 289 486
131 226 708
281 39 434
274 189 68
244 114 401
213 44 652
145 265 558
237 174 449
278 105 92
134 184 344
156 236 639
43 19 533
162 271 221
118 283 802
294 297 788
41 143 398
172 106 364
11 219 571
176 54 240
218 264 928
58 178 309
80 64 38
216 196 894
213 191 428
297 197 734
73 142 52
120 128 426
196 167 778
236 162 284
62 227 450
134 97 201
252 280 985
221 114 307
57 101 456
223 240 283
300 117 461
237 212 604
82 194 948
270 251 287
76 70 184
102 169 452
69 158 919
104 246 735
183 222 12
123 102 697
35 93 614
23 16 302
131 289 280
109 52 191
70 74 587
258 169 406
247 260 961
136 281 596
172 148 917
30 112 997
237 281 468
156 42 831
215 187 134
149 16 50
102 17 98
1 57 728
141 189 652
211 213 404
123 259 11
275 56 539
234 50 563
63 32 379
86 31 29
14 34 582
155 273 953
203 123 890
61 75 767
117 288 556
24 260 914
18 82 612
241 221 610
142 295 850
130 214 349
141 119 191
21 106 976
178 25 810
58 167 190
52 252 30
288 121 383
94 300 749
181 200 974
55 231 194
269 103 439
194 63 86
69 24 401
222 88 946
5 2 971
147 54 963
107 146 350
264 2 162
183 116 110
290 160 223
13 85 228
170 7 225
59 162 318
115 132 853
186 169 715
143 157 711
172 264 853
199 8 783
184 10 874
235 210 678
168 175 893
291 174 519
125 30 71
132 235 991
152 145 764
77 106 204
165 198 684
67 253 697
92 8 57
248 204 41
168 73 864
32 67 484
118 102 358
270 94 898
239 245 348
24 126 756
62 190 439
108 210 200
172 94 832
75 274 747
219 191 305
226 86 517
22 29 788
58 77 791
293 162 279
292 123 907
50 161 500
78 106 405
286 114 122
288 122 90
207 8 246
93 188 269
228 60 535
221 160 48
163 80 294
33 259 248
163 262 253
96 134 478
258 114 364
278 182 991
92 263 791
222 61 711
55 11 460
155 141 413
230 52 799
269 190 787
206 54 303
213 129 742
113 70 109
54 12 148
112 121 833
4 283 513
256 225 718
39 9 472
297 256 571
2 114 203
9 3 504
177 91 967
278 294 17
44 260 406
147 68 974
116 173 95
294 229 239
202 130 417
207 77 687
162 241 518
144 137 744
267 298 585
27 286 772
21 159 318
241 277 431
33 73 351
267 121 497
51 134 967
287 22 314
110 82 835
113 71 60
140 249 929
220 266 659
52 194 937
281 118 836
39 181 25
156 283 841
101 188 818
213 161 188
77 90 717
146 212 344
87 46 286
149 278 993
45 151 298
96 172 428
2 21 456
294 78 905
11 50 229
150 231 964
241 142 546
131 241 68
220 68 744
159 201 133
10 266 401
48 112 975
298 245 71
27 189 148
249 116 683
282 31 727
185 23 826
232 109 193
297 192 383
43 275 763
221 88 317
10 78 944
101 267 997
171 256 46
157 37 246
122 155 258
236 88 872
179 147 115
219 268 6
153 222 867
163 293 256
233 98 154
81 84 595
283 63 645
163 91 612
71 96 899
296 96 580
289 144 62
259 287 79
12 56 112
248 294 814
262 200 854
191 150 177
261 4 472
171 209 430
134 230 76
81 158 585
249 99 977
282 193 735
119 233 849
138 117 537
191 218 22
152 270 598
77 95 749
197 25 738
134 102 338
84 295 267
91 115 1
64 161 193
205 235 155
206 100 514
243 258 805
152 64 329
297 28 499
253 206 826
243 27 492
91 120 242
16 143 428
120 101 589
133 281 77
207 249 297
215 14 586
209 170 16
288 154 51
25 246 473
202 199 197
178 83 981
259 130 678
117 238 50
263 216 615
279 240 415
26 23 484
7 271 785
65 58 971
131 211 4
95 198 963
107 100 976
43 55 720
6 39 513
132 165 137
162 86 78
76 246 989
170 189 929
142 103 886
82 25 808
128 51 21
69 292 232
8 51 8
39 62 489
134 46 828
31 33 815
144 98 312
105 107 712
216 124 202
181 45 143
237 146 11
16 53 321
41 236 112
182 210 123
66 192 483
18 250 302
133 226 650
291 159 320
199 260 279
132 180 462
202 155 540
48 173 192
146 18 377
8 49 150
81 236 840
121 255 911
67 102 479
225 219 366
43 67 319
75 60 668
159 51 901
144 233 999
58 171 278
117 122 483
294 189 753
210 211 347
32 234 619
69 117 170
224 62 975
14 95 460
74 249 80
214 135 26
29 189 542
184 49 905
139 23 664
42 155 680
168 299 315
247 17 421
86 294 496
180 143 876
132 63 565
295 43 913
174 171 680
229 2 97
289 194 80
238 14 629
49 184 754
103 252 125
50 85 62
133 256 747
23 294 874
45 12 194
271 272 11
270 173 364
8 180 775
196 273 526
45 283 664
296 238 814
244 137 881
134 153 455
115 87 804
293 172 677
229 274 444
174 19 162
76 292 669
38 185 880
35 205 93
215 161 61
11 12 133
68 279 487
63 3 210
216 88 314
183 207 955
262 300 99
116 276 831
52 90 615
183 45 992
279 237 245
30 59 390
74 17 556
152 136 364
154 201 683
264 24 174
131 235 859
132 151 208
228 147 528
