1
100 100 100
56 67 31121148
61 82 681391111
72 98 310518591
75 87 955806496
39 39 981581991
56 51 52993196
96 17 948867954
34 21 195089021
12 76 837345443
14 79 679320678
73 88 43578497
52 97 633704129
18 84 900944150
72 50 296288490
12 88 630582449
43 100 818074562
15 100 69632101
51 86 441927725
71 58 186214024
39 85 16423828
39 55 338135348
29 20 148172900
46 15 425222345
22 3 131690636
65 37 490340969
89 81 370034691
70 32 992427643
84 98 130767168
1 25 528699177
98 2 898645441
77 82 670766818
59 95 809995397
87 4 734457560
88 3 495366289
95 50 736593282
16 80 3212654
57 16 728321308
95 34 247381929
14 85 799144482
87 37 863145811
68 65 678400473
86 92 480549503
5 68 8227015
69 7 922366406
61 1 360640821
85 26 893702342
27 4 410007988
17 55 79586462
56 33 366607253
37 56 692822644
17 90 638441839
98 91 29093359
88 69 90631582
71 48 872828861
83 35 344639678
1 43 26115087
28 70 11042868
100 31 56650008
42 4 331041957
92 40 242447762
14 22 751155324
73 38 72111417
75 58 538238569
76 23 826722637
87 54 65400285
83 21 348558100
24 11 179010447
61 94 965033558
76 46 121572346
88 98 936060384
57 66 20149724
53 89 88818689
1 12 856030904
7 30 828492048
95 97 369148757
52 61 156615140
69 76 444098109
55 66 613863002
44 33 134827584
52 28 419489747
31 19 98268398
99 59 387364787
88 63 182469920
29 14 776535523
17 27 907250032
94 41 959317840
84 53 247163580
77 96 835335274
64 1 749108903
36 74 768151462
94 90 141420056
33 55 46265340
8 1 867597241
2 91 309642090
14 64 963449465
73 13 57762671
52 97 638174218
68 44 123504017
33 44 936202084
47 21 186984919
