6914 4404
2016
2284
2122
10829
19604
19905
15167
2756
4269
3678
13245
12240
8915
17667
5817
15950
18393
12761
13897
19797
18104
13355
12507
4075
1077
8608
19419
9736
11662
13885
13314
16412
13932
18027
14474
12837
2952
2065
11144
10261
7010
5004
4683
19503
18968
2298
16620
2269
4818
12656
10765
17337
7608
18782
13471
12264
14834
17690
5185
1218
7436
6216
6426
19573
18523
17350
11285
15881
19947
13005
11603
11858
4854
8874
4930
10997
4336
16959
9401
6443
6312
1445
18649
8747
14758
13498
19886
4137
17416
646
8271
3906
100
16354
688
15571
15735
5412
2073
16412
6242
10777
7389
15
5403
17481
12413
16453
824
19235
16411
16717
3133
3351
9875
2042
515
19618
10409
8725
6738
8733
19911
9094
771
15943
6165
19216
6138
5500
1977
14004
8109
1556
4971
322
16883
11142
11176
8727
14866
14831
5526
14466
16167
724
2400
8357
16467
7382
19324
8180
1341
11330
16966
11200
11195
4756
8544
18442
10929
19025
11766
11358
2449
19645
6444
11495
8149
8301
10895
3802
3513
17584
247
14186
6922
14036
19800
1956
4825
15153
16536
17782
389
15942
1922
7770
3738
10687
9139
14310
11930
5523
17830
14299
16785
7471
9528
5375
8678
5524
6865
784
14449
9448
19701
3498
17530
1886
11282
227
18427
9421
7577
5932
3673
8199
2889
19471
1393
9756
4889
1003
11587
2656
12187
11777
9267
15585
7567
6928
8571
17504
11
1904
5978
508
18638
3149
10753
998
11674
3682
734
4800
13606
14160
11608
11856
13602
10098
17779
6109
8356
5831
12970
6209
12477
15868
8670
2663
9532
14244
18556
17057
16881
12518
7032
8971
7433
7013
9972
6220
1431
15959
5832
4029
11405
17118
5232
8792
13421
6569
17139
12016
7730
9230
19778
10094
1968
1771
14393
15509
16
18539
9988
15127
9646
1107
17166
1172
12089
2086
19197
10526
6630
3820
18435
17973
13381
2586
6213
19012
7332
18929
14341
7875
6824
4758
16329
6346
9552
7812
16459
9048
19240
4155
14841
781
16106
19280
6560
11568
14230
8490
3062
5015
18976
17154
13879
5620
7565
11465
16840
647
5945
347
14879
2203
5076
19100
7572
5127
9744
15442
15521
6332
3049
8556
5719
1211
19682
1766
16020
2741
11108
19472
6825
18910
15798
8972
18126
14086
17615
17786
27
9952
5496
7116
14870
11648
17550
12065
19076
14724
2685
9235
2849
18539
2911
2334
15851
1735
9422
6423
16978
5400
15600
1404
16370
19561
52
15414
7762
18609
2814
8700
19315
1305
7845
18655
1058
980
14935
16589
17040
1547
14144
16890
346
4969
5923
9205
19087
5794
1
14231
11488
18378
16205
13784
18207
12439
314
15740
9999
2553
18068
4487
18870
7213
477
17509
10810
3093
3542
18730
8282
10132
15512
9235
534
13050
14803
6009
9906
14957
11714
9297
12231
8633
17051
9233
19468
1146
10790
12340
2676
17408
13910
18550
3479
18304
16503
9346
12121
19010
5313
17673
251
3140
3804
218
6564
18334
7896
2712
3411
8915
10486
18854
2513
11247
17887
13498
7912
7403
11310
10726
14253
2789
16496
17416
18560
3334
14657
2961
3608
17874
17809
5728
1018
1357
1664
6915
12210
4496
19172
2405
15328
5487
7863
13256
16265
9429
14090
5452
11924
11059
7326
19535
3817
6434
7611
740
10152
9183
19301
10271
14513
16957
14219
8330
19278
3696
17356
9527
1871
3339
18226
1304
2010
615
1019
5985
18042
14512
16661
17092
513
10088
9917
10530
1081
4207
4660
1299
4919
856
419
6322
4707
1655
3357
4037
4352
7191
4773
11377
10572
14790
10278
8749
436
8364
12753
13649
3025
5954
12226
13538
3310
590
15790
18599
6381
98
675
4997
10153
1481
13622
9282
4681
5487
9662
4535
6188
7004
3433
18918
3961
6901
16172
7207
8207
929
11485
15978
17020
11338
3035
13040
10577
16786
7271
1755
10679
6222
4314
10863
13768
12316
146
444
15553
10099
13195
14634
15357
16421
18475
1724
18315
15846
12377
12269
3550
8628
11265
15829
16457
6371
6966
6968
13197
11027
12315
1135
15562
2817
19860
11048
4304
12738
6851
4228
9068
5262
9647
12267
3055
6854
666
12493
530
5931
10990
12649
5320
19900
11765
19183
8391
14888
17518
19820
2678
13785
4502
1001
13242
18247
7219
10834
10926
253
6221
8179
7593
8872
10331
8494
1102
7838
6399
7054
8134
9580
19728
10189
12992
1316
18284
15147
10505
8845
3818
9219
11153
13660
3035
8743
6556
9003
1924
8620
3425
10492
16368
2964
4121
6948
2184
7499
1946
7034
17690
4355
9274
7345
1938
19855
6670
17566
1743
15953
11102
8326
10616
5910
11383
17375
12744
14872
8966
19697
15131
15939
12214
17208
1027
2378
2270
13636
7772
6594
18657
10229
2181
6471
2725
7903
16589
9737
7081
11468
18691
16955
9114
1540
18289
13766
16750
9778
4083
13025
4559
3069
13624
17440
8335
12282
9558
3340
16285
11207
5281
16211
4932
1334
13137
18603
17887
8057
18275
1053
15578
3965
11301
16637
14097
4817
2838
9784
1264
13843
13130
19967
8046
19985
19809
10903
3452
5718
16946
5894
11031
10057
8526
19911
15093
2384
9451
9076
14784
12732
17217
8141
14138
14124
7370
16605
6231
2618
15888
4087
19558
10669
1590
15584
4764
19433
11718
7233
9856
5647
3802
13208
2004
8705
6944
14378
4085
13542
15640
9340
4065
14980
19258
18468
5364
19137
322
1589
16322
7525
4691
19921
6891
19479
16792
2889
10677
18527
3009
10456
461
18324
16362
11577
15321
13797
5601
9421
7480
13092
1844
13970
7005
15979
5870
12625
12483
14322
9204
19447
5801
246
12123
13658
19147
17623
11691
8020
12369
2505
2964
17726
8807
8128
6484
10419
7725
104
5183
7977
1474
17447
3831
668
15503
5030
14145
4328
19348
13121
18689
1160
6722
9614
16684
14795
12834
573
4864
239
7054
4734
16490
19321
9060
17563
11656
2279
6585
10522
2004
6102
2889
1142
2992
10256
12084
19559
16805
417
10436
7101
19075
834
1768
12586
12501
5955
5087
1929
517
11935
2568
6702
4120
18646
16009
7262
14986
2825
9893
16070
8004
12983
9170
16839
6344
6687
9897
5119
2194
858
10850
5956
6284
15701
4243
14246
9324
2884
13664
13413
8478
18619
17373
18023
2010
12227
5070
15976
5212
10851
6268
15895
10745
10929
18389
15323
6528
17035
12716
15386
14282
18743
6318
17501
1866
6116
18079
7803
12529
14455
16949
4875
4202
18931
557
16437
1944
9719
12283
588
16692
8277
14952
17266
13415
15375
9242
5507
1811
11500
14941
12162
12662
286
3191
7680
12991
15563
17830
14588
3119
2665
13951
4289
8767
14631
11830
7807
11327
13899
14312
16102
9413
146
5815
15580
14830
14879
1051
14425
16084
3407
1596
5373
12556
4830
8449
560
12459
10647
8678
4061
17717
2636
4303
17752
8878
10608
1529
6123
13193
672
8448
15646
8984
14628
19349
14357
9426
11127
13761
7239
18865
9208
8331
13072
4808
4839
9692
18334
18693
1099
6428
13802
8576
2614
8265
9489
16864
14875
10618
13499
6198
19064
12605
10478
6641
3015
6673
5242
7267
18929
7945
7236
5294
8476
1420
1436
15887
5904
15149
1318
15738
19776
17511
9523
3572
3973
6720
1848
10678
18570
10682
175
4625
11231
5324
9975
19245
19728
9529
8005
14042
6218
4798
15826
16139
3912
17763
4766
7889
6741
13672
7955
13271
2660
18982
5054
6204
1208
1177
15303
13901
15954
3935
4515
18381
12450
5770
1644
9280
2309
286
10543
11064
14054
6142
12545
17790
1342
4884
5488
18533
19192
14738
14813
6587
8856
18523
2354
15600
1942
13770
8451
15735
4416
3211
13008
12999
11124
13733
11114
4857
11428
1937
8876
15271
16623
14423
15055
2266
9715
932
14155
1163
8221
8451
16584
16609
597
14438
11506
6511
6922
7257
18019
11011
4469
11974
268
9634
8781
9628
2140
19712
10880
8099
7150
19228
1233
12712
19141
7206
1107
14681
9443
4750
11921
5538
6084
9886
3239
15659
10719
9311
10021
5022
18852
182
19750
4310
9034
5071
76
14495
16602
13204
7582
3017
17634
11123
8320
4706
18716
15878
10718
5532
18154
13888
1505
17350
14258
18590
5262
1741
6324
10003
18235
11075
3927
9329
17022
4932
10171
11716
12786
9998
14504
10320
11579
1559
724
14769
11442
14726
5814
17173
16872
3509
15215
8797
1316
15867
10172
519
18275
2865
12780
10212
11686
10048
4340
10152
6172
9176
2669
17600
7814
18428
13978
1669
16040
9217
4942
9604
17283
7718
10598
5608
1022
9260
3677
5321
8819
13690
1019
19097
17008
19836
12670
7190
3621
7201
9316
19984
214
3003
13641
6382
19189
2701
11276
3486
17258
2110
6932
10693
5655
9253
1353
1325
7740
14061
14718
14931
14605
4047
12115
3370
19317
4086
16703
13812
413
8417
6202
1777
15284
3002
18326
17344
14065
6355
781
17633
14653
6980
11465
8722
9491
5528
4490
10090
4728
19811
7639
4721
2390
791
6903
8011
6184
17670
3710
18578
1558
206
474
4112
10646
16384
89
5392
12720
13557
14994
11594
10769
1197
11437
10008
14852
3364
4546
3295
2811
19034
9866
17411
9014
18398
6951
13320
1716
13268
651
5616
19679
9701
15729
1191
8688
986
10419
1059
8556
9096
4549
18480
11274
12753
7867
16486
920
10207
4181
17955
15939
14879
16953
11345
4444
11972
11951
5218
13143
14186
2607
14676
523
4661
13691
12844
14922
5269
8931
10503
8102
18387
18199
17027
4963
266
9901
5722
7
14129
4183
16714
1188
1122
12574
494
11771
17240
19720
15253
10823
14355
12787
1135
2961
13469
14209
4525
17985
8321
3363
15505
11012
7470
2823
11594
3754
12980
14811
10903
17546
3826
3461
7837
18756
2161
8533
14452
7209
10555
6200
598
8236
18331
2525
15992
18992
5134
15257
7314
9640
19853
9580
13473
10063
3011
3428
12166
2692
10762
7991
843
12098
8618
19051
5217
11971
13021
4756
18438
99
8893
5461
4051
1990
1293
11278
5875
13736
9291
12932
17914
4776
203
11571
17439
11160
12298
3141
14355
19945
4106
2962
19980
15346
18454
6117
8370
7281
19352
9294
13298
12909
9859
9692
14035
11816
9048
6628
13033
5441
16197
1459
18653
1404
333
1451
16060
13331
3249
3220
19396
16807
14131
1370
8379
12101
3902
17943
2436
14262
17427
18324
15500
1229
11679
9213
4597
569
18027
4285
15343
5478
16738
13186
17488
663
1829
19457
13619
8728
4401
3043
14148
17697
12578
12984
1727
297
16162
5940
18184
5615
14146
16149
17142
13774
13205
12464
15411
14232
15286
8082
6307
18347
2421
18588
7997
6816
16902
13957
10022
2631
4921
115
11099
10160
1817
15701
11337
10992
7053
19645
12004
17164
7034
15195
5940
12385
13916
6015
11774
1911
18503
9974
15049
1667
5381
6261
9383
7249
8391
1437
802
13441
14598
10067
8356
4863
14841
15541
4149
8374
9020
6718
5913
7859
4239
16013
5241
12027
13913
14556
4610
15838
15987
10047
6321
6186
18375
2931
6476
12475
9758
6512
17116
12688
3848
6652
9656
15602
15267
6650
2726
9750
15137
12947
7553
19777
4538
7281
14014
793
13926
906
10466
11368
6667
16509
500
15777
14789
13445
9730
16133
5087
1922
5747
5026
3710
1752
4360
19294
17339
11297
5256
5555
19100
2240
10191
18116
17328
5799
6854
19897
15304
6007
11514
6984
98
5691
13584
7436
8630
779
15223
14985
9094
8531
9101
8232
5850
5370
7453
15985
5925
19879
5553
19349
15228
16637
12717
11202
2634
16496
13980
3681
28
8926
15553
4291
16462
2053
17203
11286
14532
6028
4662
8919
7112
15329
5210
13210
2558
5638
19545
8842
16518
10916
13055
7815
18469
16297
19649
10486
11106
12423
1238
19610
10698
6855
16006
8022
6564
18177
18605
10573
7755
8419
5373
947
15105
19429
7733
3988
6748
8808
6871
4161
15236
11053
12825
766
4395
19506
1128
10542
4017
14756
10096
8275
10543
15112
11921
6033
11835
14771
666
1670
4182
5300
10311
17207
19661
6070
5951
17720
11960
19263
1291
11359
18823
15062
5553
1133
9201
2676
12921
9072
13269
12797
17651
3392
3415
7140
7969
9304
4330
668
1889
14073
322
12143
18057
6962
17989
8617
4772
4683
12361
19506
292
2980
14647
5837
7552
4978
9708
342
16419
6899
1384
3973
16620
11802
13792
14506
14450
11943
6730
12826
16398
10405
13309
2547
12812
2599
17928
8560
4727
8281
2739
10167
6984
14695
701
14399
10760
1484
3364
5166
18639
7975
1512
13835
15350
13470
6775
6901
7286
11182
12341
16329
13945
6413
901
8237
4407
19632
17940
15513
1974
5041
18511
10001
10101
5295
5602
19894
2740
12961
8238
7934
12223
19373
17428
16062
17810
1487
8094
12144
8025
7375
5094
4383
19906
10969
1482
19061
8296
16697
7110
7213
8295
4620
15715
15889
4004
16702
8594
9592
6681
14845
3028
17557
15437
11296
3532
12454
3594
2070
4100
16177
3839
4005
19544
18323
15281
6069
14061
2992
5558
15558
5152
9527
11098
9792
11016
2834
8679
13958
19546
18888
1398
15693
7055
1071
12172
17067
4847
12937
7923
14559
1770
3067
7527
7679
871
7607
16697
6837
18273
6130
2897
1102
2402
16443
13414
16464
1706
3967
9736
5232
18951
11304
1326
17192
265
3638
11946
13137
17023
15564
1641
11420
8708
15007
17511
8128
4882
9816
16406
1519
14374
12696
12641
1342
19822
10076
13901
13661
5699
10542
18410
1819
17926
18484
16532
14150
3229
8542
9900
19081
6334
6512
11218
18243
13141
12313
17840
18207
18007
10659
2281
11487
3250
5042
12746
7416
9000
664
6841
3539
1534
11941
11562
18138
18215
199
12703
14502
17144
17197
6801
17600
9679
82
18747
13745
3921
13429
18186
13900
17302
3970
17825
11238
6409
3639
6790
13585
12145
6572
2141
1376
8378
15666
11677
11731
12186
4345
11152
19308
3831
9137
9040
14518
14584
18700
1951
9766
10525
14922
13847
14311
10447
11706
2164
8394
5986
7088
3978
17239
2097
14289
5334
15573
6020
7349
6864
3268
2832
6942
8818
2751
5737
2024
8633
18786
19198
12920
14173
11272
3058
11484
5746
1674
15749
3950
10048
3703
4737
12110
19137
18890
2316
18431
17576
7660
14875
10745
10860
16545
3771
12136
18264
12143
5931
11644
3223
2479
12294
1418
4382
16354
12245
15933
430
1343
2137
18911
11854
11036
6049
13556
12724
2175
6890
1735
15651
12291
15983
7732
3026
18478
19247
12197
7680
7917
8111
11908
16076
796
13274
10994
17173
16229
9440
19210
10073
1800
9168
2920
13582
17391
13929
4397
10816
13857
530
15066
11965
17244
11009
18317
8346
19111
4128
7520
878
3633
16599
14853
16083
12065
12159
16577
12767
15235
6620
10384
12472
14653
7021
10438
16859
2889
13011
15735
5118
3824
18574
17413
14549
3421
2244
628
17430
11615
3906
6626
17296
5975
16340
10638
17762
17734
9601
1218
7007
10840
16388
16647
11051
14632
16504
4045
18935
777
8554
16791
12959
5088
6983
15891
7063
4851
12601
10921
6515
12283
14701
6161
11999
14753
12906
7552
1254
2378
16874
16092
11365
13634
11971
3315
14856
19594
9046
14451
12687
17429
6442
14914
17292
13788
2345
5738
8788
8688
5622
3576
17460
534
3254
10896
15675
2902
12493
12004
12324
13699
15877
503
12933
7333
7221
13832
18562
10520
6703
488
6615
12340
13182
15579
6698
9186
11870
10320
14630
15210
5472
11097
17750
18912
6935
13725
14637
16481
1922
8530
2366
2520
19134
1878
14433
8778
16617
9765
2465
11517
2156
9114
4846
18133
15911
2383
15380
13669
13396
1125
15123
17819
16940
4114
497
13085
13736
15669
10824
14675
8639
19793
8395
2793
9796
15767
14208
7934
15261
10806
12489
9816
18710
15412
7130
555
2385
17051
3168
12750
15386
17768
16423
3046
5441
11384
4435
11849
2276
5874
1799
9794
716
6578
13054
11592
1636
5848
6229
7894
18879
14773
182
15773
10296
2591
8843
18478
989
19430
15514
15068
16926
7988
314
10542
17015
19784
13925
7120
1797
1610
751
7270
6850
7795
4608
9119
19053
3922
91
4872
3826
17607
2715
2870
1470
1983
987
3899
732
7495
3499
12383
7727
7648
4201
13086
18329
14320
18953
13945
12169
8273
16493
5666
16361
483
16950
18696
17073
9917
1012
8208
7078
13378
2888
7714
7413
13047
10187
1941
11248
17344
3827
19586
8127
739
1117
16581
16670
18122
15127
10491
3884
19382
13464
16664
19195
19800
9596
6777
1343
11883
9838
370
6238
14275
9123
10036
13929
3365
18694
10849
2795
3202
18826
14687
9088
19374
19720
57
19955
12445
3685
18052
18060
16585
11727
5076
5925
19034
7687
2934
8141
5998
3038
16947
19534
10618
15468
12692
17450
8645
4385
1997
6256
17416
16451
18826
12196
3794
4291
15665
16724
16669
11485
1048
6440
9651
6970
8834
7746
9596
1990
19868
4363
16563
12707
6656
5817
10849
1596
1664
5032
12720
759
19881
13141
10459
10281
16263
9664
2361
14739
8685
16142
8298
11014
7023
11393
16476
10508
19000
16479
1022
8898
13406
7535
16005
6565
11337
4567
1534
12804
6058
14354
7549
16944
2123
15585
10933
19520
14388
4328
11567
6594
17519
7998
2962
383
6645
5912
3080
9278
19756
4571
973
10425
2496
5807
4877
7958
5957
15884
7367
16
18106
13724
13215
17690
19471
6344
5557
8996
3713
9650
16023
11015
13697
2708
14417
3324
13708
13614
3608
5844
8413
5094
15234
14215
9214
17952
11854
15853
18606
497
11164
19779
13164
2071
17924
3374
15796
18804
19184
9166
17875
9718
8471
14784
1871
11312
14543
9202
5131
8744
332
18395
15406
11743
7718
13533
18761
13370
13738
4846
10499
19758
13869
14266
9713
8951
18011
9996
8096
6972
14784
16106
13637
19242
9773
307
19819
5475
13343
12999
959
16169
3647
743
4294
18840
461
7272
19461
12085
15456
5157
15978
15644
14548
11276
9361
14544
17933
9181
6493
5483
13459
11521
10887
3561
8921
5617
18446
17486
18948
15326
4359
11383
12073
2328
11761
1330
13622
19947
2765
4748
10060
2631
2509
10759
10393
4230
16838
9657
10275
8182
14234
9596
14430
2742
12638
18636
3027
4371
1778
261
17613
2419
1627
503
12256
8214
7618
14786
5490
1701
3247
12632
18728
18737
10682
8330
16723
12176
1
15720
15741
9874
7690
15195
15046
2721
5027
11054
17330
5853
6971
7341
13718
6138
2181
273
18965
19087
14798
15404
12474
8300
18609
7636
10759
10570
14214
12209
6979
19789
9831
4789
3168
12757
16359
18787
10782
10037
17317
18026
5196
14967
4301
12889
9768
3968
18564
18060
15098
11263
9361
4
9111
1135
9675
12286
3582
10849
19944
6874
12730
17365
436
19544
9512
10959
2864
17507
15236
8896
1896
7391
8114
12248
17173
11696
6392
19020
6447
11860
11675
16679
493
6034
8063
7223
395
19730
2748
7920
7839
17427
3666
827
9045
13291
19857
14230
2950
9114
131
9125
14277
17608
15697
13851
2114
19178
2346
29
4622
10287
7839
2899
10502
11564
114
19207
17845
13743
1933
5752
10990
9596
7607
11723
16016
9961
7410
7947
5490
11991
15317
6179
13096
17767
5685
11561
8779
11373
14509
1355
15010
12588
10864
13111
14823
15291
14177
15352
12225
8724
2940
3940
15612
9734
10494
17226
4830
4109
13504
13108
12482
5148
8766
1138
118
7577
3943
12782
19944
4947
17886
2985
2652
8629
16142
6129
2015
16536
17287
19549
16859
9698
15695
17704
1047
4818
16394
10134
2095
917
7598
6342
19046
8218
6577
704
228
17377
4459
549
11514
17191
5607
10527
15720
18904
7197
16391
13765
15245
14606
1317
8199
12315
18251
17888
19759
2450
7500
8870
17540
16188
7275
19899
13431
1459
12975
17208
1441
8129
9347
13518
12516
6019
8928
15218
5506
14531
15672
13962
4879
11990
9419
15796
5819
2848
16782
10962
17341
10859
4129
17481
4021
16355
18241
1655
17009
5756
10307
8603
14894
11418
8848
5970
5105
9971
17226
13918
6431
17253
1339
4528
3293
7967
3138
3752
12420
18197
5593
19021
12507
18896
4723
5641
17523
18474
14332
15110
4275
2618
19047
18469
14849
9457
1325
7815
4559
8213
18009
9112
16036
19438
12093
9404
10068
4996
15300
11578
13827
5886
7109
19784
17098
16039
5851
8646
17150
10224
17504
19391
2854
14178
17794
16009
18694
15084
13267
4583
19280
533
16905
8910
14991
4079
3953
5528
19387
5526
3564
11290
18989
4065
11881
6597
16081
12391
2205
7421
5134
9911
17840
9249
13491
3194
3272
16053
6943
11760
19289
17433
10798
7349
17670
7049
7092
4795
1067
5464
18560
12626
3717
530
19983
1509
18588
8428
7546
18679
6601
8513
6830
6467
13548
15060
10059
13052
10329
19054
3232
13571
2131
3145
13765
9698
2183
2887
19256
5829
15704
17400
8022
9993
9671
2563
12009
17616
14030
9873
2710
6257
9982
4095
10721
19446
10963
2825
19554
7759
11939
11093
14325
5231
12655
14128
15959
9247
10449
1411
1526
2048
8260
5150
1332
1949
13461
6283
13390
2412
13134
11152
5912
7099
1416
11964
8414
19029
4540
14169
2099
11950
19200
3873
10109
2074
9852
18413
18285
8285
599
13231
7074
18947
7256
8152
5174
13439
5250
6205
5579
16545
18953
8108
14618
13812
8095
15544
14640
6023
16865
6344
10942
10883
1337
14723
3596
10065
836
19659
14770
9728
8886
14582
12191
12643
9336
1470
19359
10036
13321
2471
13149
11290
2662
12212
19421
19621
15336
3882
7254
11857
18644
12226
12453
10442
5696
6597
10925
5788
846
17146
12568
17115
9691
7325
16297
9879
19272
15791
16821
17934
4087
848
3802
8545
3564
10560
4034
18378
6582
11651
7239
18588
8710
316
6130
17135
17754
8074
11358
16458
13246
5782
11957
14613
15519
18946
1937
8024
9958
17430
3619
3956
2085
12726
8362
837
9085
5869
5300
4562
3400
19149
18700
18895
14022
14739
4595
18097
1107
13359
7283
19910
9526
16101
6341
7010
17000
2553
14779
15071
2416
8325
18938
15548
9975
15124
780
11314
14777
16485
13183
13276
5482
12300
8871
16085
9663
15247
13595
1086
17480
2280
4212
4605
9300
14258
2247
19721
2889
16883
3617
9637
5792
6040
15088
781
8543
10682
18130
13751
4317
16379
10775
245
10646
2649
8105
4089
18840
17215
12003
14487
6721
292
10783
9632
307
2036
19329
18787
64
6296
369
967
17354
3763
17502
8351
16701
7668
613
12546
9507
15144
14292
1824
14834
7372
9886
7461
12887
11646
11815
7307
6804
18473
18760
4703
18411
16843
10366
10873
13532
777
81
8928
2499
10307
4742
7580
11484
19972
11555
2725
10273
18000
13074
14990
12115
9265
10821
1384
11261
5163
18154
9181
13827
13528
3028
10152
7602
11709
1260
3268
6423
15937
920
4012
14748
10110
8491
8414
8053
7110
17405
9937
14667
5792
9588
17344
14679
16751
10639
11661
1546
19
9266
10368
2015
7787
1603
16944
19994
15294
11041
3889
19990
13012
4181
7340
15746
3238
13559
1424
19696
14227
7738
10456
18866
14990
19423
7115
12844
3879
12197
14724
19449
14090
16523
1750
3715
9202
15620
6666
15826
11878
11860
1274
13614
18861
14283
10653
15264
5377
17880
17806
17823
12086
15255
11182
7172
17687
11296
3156
15054
10320
1478
17629
8804
876
4422
14838
9402
11354
9343
11527
3462
1370
8997
4590
4800
5969
18769
16320
11196
7842
12514
9383
11969
17081
15781
9638
12011
1606
7048
4944
7874
1373
7587
18057
1569
9504
10587
1765
7674
13445
10160
14366
19391
19300
856
3625
9178
12448
8309
17334
9563
17570
1645
8599
9797
11227
8266
13975
13935
10088
1645
12580
15998
7961
2757
4312
17826
4724
5763
15289
5254
306
8582
8645
8229
16829
18963
8795
502
2032
16697
17314
4512
17126
2584
8528
17092
2166
14786
2967
1621
2106
3177
6794
2243
6632
2342
15326
5784
6913
13823
8795
6992
2391
18248
18450
2714
735
7973
11140
10653
4083
851
10502
18312
4697
5765
2863
17766
3165
539
6014
11871
12253
12859
8937
7551
19558
4825
655
1776
12070
11764
16291
15860
15777
15921
18494
3711
13427
5664
2325
9636
13584
815
1766
1360
14098
14747
5928
13854
13116
13853
3138
9611
10749
5034
987
10990
14537
11813
478
10259
11824
9708
12411
12959
2171
1488
14112
208
12938
2939
14641
5579
11146
19759
6600
12175
14767
6214
12668
5519
16535
6176
4992
7894
3439
7167
5547
9751
4993
8037
5602
3817
13423
10902
12414
17510
8901
17962
1268
9320
12924
3827
1001
4739
3006
3976
11121
17403
11766
9977
18654
11044
3563
12085
12847
7895
11792
19848
5843
19154
9972
1352
17457
3157
19745
11718
12183
6864
8920
11480
6548
16286
2668
5480
14947
11494
1023
2886
12074
11814
5786
8970
84
6844
9968
9278
18605
18917
12903
16794
5729
12639
14148
2742
8099
17114
9291
1653
8227
16492
807
11306
7165
14471
7076
18178
10643
8351
2683
9031
16825
18304
13138
19253
13777
7452
17140
18583
4789
18387
19493
4844
9683
1775
7818
6311
209
2643
16185
3329
17682
19995
8769
9827
10954
5363
6683
5323
2880
15938
11095
18082
3370
7895
5763
10010
17181
5530
12097
3948
4549
11855
19905
3967
2806
16252
6907
9292
7092
4830
10180
12494
18303
9096
2632
2555
16378
18577
17643
3445
7071
13011
14996
8832
325
19730
11222
3550
8367
11865
7480
12449
1659
13000
18109
7250
10826
3890
12960
12040
12679
16882
16651
18019
8477
13642
17851
8129
12524
11853
11740
2195
19258
16449
8746
3200
6933
1080
12705
15309
6030
15367
1556
14286
10519
3622
13700
912
95
10631
13152
18038
11526
131
16599
1901
7211
1609
15506
8310
19103
11053
16381
4353
16105
1258
12330
6230
13063
7342
9025
13846
9493
3073
18216
2784
16152
13649
1899
4291
17593
541
280
13893
8813
4035
6651
19263
14139
19095
2300
7987
6453
10170
14598
5821
14903
568
11358
6091
19208
2035
14621
845
18702
144
6977
14394
14209
1132
13549
9856
10920
15813
12767
9334
346
6178
19056
18351
9521
10323
10563
15173
15536
11314
5049
15629
13566
5632
17065
14076
16487
16806
19555
11116
14227
9866
2980
8690
10964
12248
15120
3195
8304
16765
14661
17219
12555
12269
1692
539
14239
17641
18249
1005
17938
4727
2014
15929
10634
5832
6313
4606
6642
11424
9517
12593
17266
13650
6993
8373
3317
1299
8708
3025
18598
1838
15634
13529
2497
16138
18059
322
9803
1525
8936
19745
15871
8772
15403
2000
5273
8672
1586
15223
2041
13785
5820
6337
9639
11032
5406
19268
18790
10712
12031
1188
11279
7601
10985
17370
17852
19746
7283
5322
18346
571
11829
8783
2173
9940
10747
2245
17273
19781
10995
6597
5677
19910
5403
6531
13792
19673
10235
10326
15535
11037
18434
2648
16451
8746
1636
10976
16926
13174
4115
16287
2628
11504
1757
8629
305
2844
9203
18193
7048
2915
8276
2522
11170
13944
829
486
12798
15361
19125
13620
2325
953
16888
5496
4840
18089
14135
19700
8649
14631
18931
7090
6032
9173
19174
2923
4354
10222
7553
4496
15640
19954
12787
9917
2762
8157
286
8635
10352
12004
15340
4353
18561
7261
11987
948
7799
6575
655
12025
12576
10450
17732
4726
12567
6550
10159
18426
19032
2940
18205
8933
4711
10902
9516
18824
15320
2946
7587
4538
10776
1641
7771
848
14266
4887
3950
13346
17306
3268
18995
19558
18889
15089
2144
9319
6866
14736
6417
5026
19676
19987
9191
12407
16553
13890
9072
2415
14339
6830
2172
14881
19015
14430
10937
4557
10089
16883
8623
155
5962
15364
12576
17030
8393
11130
9418
14114
14189
2952
5275
15736
12247
8477
4168
8948
14081
5171
7690
16982
15937
16456
19105
19473
642
18661
4977
54
17306
14427
17474
11965
6997
8177
10446
2297
12520
9282
12430
5485
419
18548
9690
6694
13334
3649
2418
5707
835
19127
7231
1944
6856
16593
9072
11247
1852
742
15660
15038
17815
16819
17600
12493
14262
5152
7279
16340
13324
8378
19681
2928
12065
6999
8238
17162
10147
8868
18849
2963
980
8262
15180
19845
4465
137
18388
16265
9467
5210
14376
337
4141
11487
11719
18579
2234
7855
3373
3267
3486
15376
15297
19065
16260
11901
15126
9529
524
15623
3993
14120
19306
3206
4648
16355
16757
8109
8991
13708
10933
14728
18143
9899
19434
13982
18177
189
6017
15978
4649
10309
6312
5359
19029
19644
764
14979
10181
9306
12926
3528
4007
5707
1228
12714
14369
268
2350
9654
18445
15890
14321
10079
9600
801
17468
7981
10943
414
1338
7340
2656
7821
15733
1534
6252
3536
13961
16082
18859
5132
6440
322
672
17375
12786
3665
8706
3501
10488
2043
19938
8243
8328
10176
17016
13241
2641
5287
19611
15470
4548
17882
14568
9286
16304
15235
7969
2739
4859
13183
12236
8768
10779
1870
11398
1904
644
1065
17641
1100
1037
10671
2284
9326
2275
12056
14283
10546
9979
5824
9402
14698
12627
1672
3180
11310
3206
5920
10804
2374
3091
2380
7020
15104
6280
12161
9216
5197
12093
8044
16788
11232
4493
9059
9922
10825
6108
10878
915
19166
5132
17646
1160
563
3176
10903
16918
13625
2244
1172
17009
690
18918
17898
5537
2151
3902
3309
2782
6282
15049
5855
7378
15193
1972
18852
2914
17549
10399
19928
2056
8675
4372
16930
11355
8657
14424
15890
9828
19086
9850
16699
4460
9056
3222
12085
15743
11048
5236
15552
16379
17313
18051
13880
16276
17400
5218
9821
16949
7433
6343
10619
8471
11775
14601
7976
12081
7695
5221
5079
1583
13675
13079
16334
6658
11972
7512
15415
11216
6056
2491
17258
9915
3567
10264
9623
15964
5398
16599
19861
3340
11536
5763
12487
16553
4289
13343
3212
11059
19517
15047
5034
17481
6500
9610
12034
12728
7059
3922
16485
11160
14564
18506
4912
18921
3449
1478
8714
4553
9856
9109
14993
9027
14043
1104
13192
8317
5169
8746
3189
11633
19090
4003
449
8445
9791
7752
3884
7422
5063
5212
2021
405
7085
6741
3131
14556
8487
2109
4908
5779
4568
6365
9361
16572
12264
5438
18521
11406
16489
19584
16584
12773
14505
12818
14142
11023
18904
6434
90
11115
9858
4763
16871
9405
17255
11283
4653
3600
3333
3195
10084
9002
6453
2610
5239
4164
16632
12460
12385
19086
3450
15259
199
9074
6977
2843
7053
7388
12320
15210
16986
19809
18440
16587
4007
14238
1838
6846
10343
8461
5766
16403
14249
9208
15555
2714
13018
5617
10707
16492
16819
10249
14377
15793
18962
10754
10848
16056
18252
5337
11648
14263
19030
5131
931
15315
4530
16609
722
18765
9190
7172
6690
14023
5530
7006
15041
2168
11222
10369
11175
12482
11985
9412
721
11837
5922
3660
13582
15060
4930
18294
1619
14398
18805
14329
578
16208
17662
3848
16918
3002
18308
13390
10133
8968
10184
8633
11208
7091
6495
3483
7845
15998
16169
6714
17056
4665
2258
9261
15771
3083
2405
5306
10087
17046
17018
10281
13754
15148
751
8907
16566
6145
2937
16397
13248
14781
12590
5948
13473
14227
13608
5648
3651
3240
5783
17925
1081
6175
17270
4651
11131
3976
4119
11045
8035
14261
2504
11487
9955
8646
9273
10367
8927
5405
16440
1100
6313
5624
15254
16437
14381
10942
15456
13178
14653
11027
15362
4435
13624
18894
8386
2550
6503
2218
1639
5811
9569
8726
12220
12074
11803
13833
16825
12431
6389
8619
307
8032
12732
16290
18804
3210
9600
15232
3060
18010
10035
16805
17568
13260
18634
15969
1158
11303
1851
2910
4659
5526
11921
13745
11249
1794
15046
8470
15131
4928
4465
14249
4153
13349
9033
2191
1997
15003
17924
15713
15565
7709
12106
18646
3186
17043
3186
1176
9262
14880
10268
11781
994
11737
15447
13249
12798
6020
8555
10939
14039
3313
1793
11382
5715
8834
4869
19369
1711
6175
1273
11630
242
5463
16303
15246
1128
14049
17480
8914
14500
12875
17969
15183
16589
11617
3629
1795
18202
5754
14329
251
1524
8664
135
19731
10860
1894
3019
4489
12952
16713
4690
12849
12487
10085
11183
5927
18430
8171
14842
4207
6799
508
4294
93
15508
17966
3074
4562
16917
17623
7488
16037
3683
7686
4379
9631
13575
15561
19387
14841
8849
12227
16344
19864
15819
16014
18433
10635
253
8926
11721
2705
4209
8624
1711
14115
19947
9203
3511
17355
6528
13877
16279
18559
4741
12708
2538
2045
15976
8494
3000
8339
658
3951
7529
3794
1885
13313
12860
9941
9883
11454
7693
10682
12910
3693
15808
5475
10221
9380
17798
6607
12741
2394
2076
8699
7046
1684
5749
8559
8302
14972
16011
3524
17758
8747
12665
6382
10454
7671
2400
5041
8732
16521
5459
5037
7201
7809
5303
3027
4773
8166
1918
9372
9390
6672
19375
7965
11073
18193
8275
11387
8916
4905
13699
19561
7655
9100
9294
19996
9423
401
8113
17757
16335
10522
10843
13295
9510
18691
2035
16246
171
862
14974
13332
18434
5839
15798
18492
15418
11438
7504
3364
4308
3824
4468
16240
15977
13119
18086
7627
14812
8442
4183
10535
10354
5470
12795
13606
10389
9686
10972
15237
11107
8390
19201
16791
9954
14644
12092
3039
16807
16251
3948
7952
9092
12887
9845
13975
6481
14542
2836
2897
10766
4357
17919
6446
6574
19009
3391
14744
8514
9762
10204
10727
10398
17297
19953
8682
2159
3465
2128
4988
10087
13083
1246
19238
6008
8875
4485
13808
1045
12726
10461
10046
9556
16334
9756
9187
18907
14405
17831
16107
10687
3514
10945
14068
8987
19756
5712
8558
1383
18303
12906
8351
8232
8014
6159
1935
5920
4196
16164
17402
19675
12659
11005
3944
11577
8188
13254
3079
19390
549
14440
7721
11835
11163
17538
17239
15941
13564
8085
6600
2082
783
4545
17759
2341
12750
8576
11379
7817
6882
5787
7048
501
4950
17639
10084
5350
19357
15096
13068
18182
11958
14668
10235
15009
8552
7449
12840
18453
2147
1803
3616
6841
8155
10294
18471
1638
4617
1509
13532
18813
591
7382
5662
19777
5835
6655
4582
7521
4903
15094
4725
3570
8773
3090
14924
11387
7151
11267
14100
1838
14550
4722
11034
6366
13298
16525
16372
13472
6572
1096
4981
14148
4604
8103
16782
11883
17175
17473
14184
2859
15516
6182
4247
1966
16762
7408
3686
270
14054
12709
14872
9542
5447
17825
10912
19491
4710
2733
17970
3314
7192
6600
12938
17186
13830
8227
4574
9325
6453
12637
16258
4261
17509
14418
18454
17906
7315
18445
9047
9084
11984
8616
9633
3130
15135
5217
15929
13175
6518
1543
10400
14766
683
408
15240
19415
18799
1158
13829
2732
6782
17815
18795
12747
12821
18987
14795
14050
17450
10152
14155
13382
19283
8953
13485
2295
9537
14130
9391
2500
18474
18700
1419
9549
6872
8033
348
451
5669
13423
9961
859
16896
1802
415
17463
19014
12200
1339
11185
9807
19604
12786
16841
9921
16811
2156
4854
202
14919
5229
10674
15953
13077
19412
7513
11214
18113
7350
8032
16223
4678
19010
10586
1155
16515
10360
15678
9278
19490
6783
8222
12654
7002
9338
11261
13492
8407
11999
6750
4302
1068
7999
9029
9956
16670
13387
6632
4789
2410
5958
18024
7868
7699
7641
16918
9545
17001
8498
12789
12427
19418
447
2197
19882
15671
18835
16571
15218
13080
19991
2050
4635
9183
12880
17025
7109
14603
12978
3004
4300
15812
16508
14415
13636
8391
3145
2985
17676
1427
5325
2316
12897
3667
12280
8271
11008
12060
6929
821
15942
13297
3735
2947
9624
18993
5679
2244
9662
5121
8444
10852
12076
16332
9963
9318
2184
5781
13436
10041
6785
11087
1955
5904
10753
17048
12851
19731
11174
5745
9891
189
12134
4648
1459
19757
13316
13357
2827
394
15494
19598
10669
2526
16072
5108
7908
2975
17794
12023
7054
17466
3729
10400
10134
13324
1684
17494
13357
7987
11145
9427
14623
18976
15889
15851
12013
924
15385
18256
11379
15308
18102
2530
11162
8498
9867
6402
2558
3748
374
12396
13165
2766
997
6910
12230
2471
17002
16066
5619
2576
7314
18930
18649
9608
14927
8744
14877
13014
1128
2795
9016
18945
6615
11539
2056
17368
12663
7602
16747
8128
5456
5301
1558
1570
16697
11287
1235
19367
3647
16949
2085
11158
1697
13204
10117
12638
12592
18293
10153
721
1468
19207
4043
11386
5783
17371
16110
15859
9293
19220
3938
728
4197
2268
2648
7634
14564
17323
767
18156
4182
17450
15824
19520
1935
14326
7803
16743
7855
12591
18569
6860
12954
2848
15392
840
15982
3901
6708
8820
10208
14894
8218
14288
3379
7950
7477
12836
3960
1938
5070
1110
16796
8006
533
11573
1296
7494
1106
18724
15309
12853
1476
12376
17757
12198
12618
3641
13213
8123
7859
19224
11488
11388
4300
9671
5409
126
7707
7182
19870
5177
19013
18622
15300
12176
10534
9353
18671
1035
10049
3507
5174
13419
853
16335
3677
8866
15900
4246
9101
161
14196
8171
14837
8588
17519
15868
8321
9699
15630
18802
2905
10207
18088
9215
9135
6644
772
13022
18577
6398
5284
4145
3296
1755
19301
15929
4134
17583
16046
15238
10898
3262
978
14883
7584
9508
3837
9992
5771
696
4162
13950
19298
3323
8412
19533
3364
1221
6820
864
11155
18158
8083
1815
11144
18453
49
6477
18179
6204
14486
17325
1481
13797
4090
16709
2684
284
9842
17283
7040
10273
6840
17007
911
13944
6731
4347
18675
18839
4872
9292
12171
14017
10348
5818
5812
17226
6949
1420
10482
5710
3275
19340
19349
1264
40
9123
18715
10181
12746
11105
17038
8705
17831
10477
5229
14614
411
6553
11381
15560
11752
12843
3017
14798
14600
13581
21
4919
4479
12325
11343
10210
5094
18242
18628
8284
5961
5724
19881
11585
386
12947
16294
19398
11926
14991
15364
1001
7446
17171
13422
567
4905
4175
10712
4453
13992
10656
2115
1494
17742
8885
16684
16933
13249
19112
9071
10606
19612
18235
16013
9
11222
12423
969
18879
4538
9302
48
11899
16454
15347
12361
16171
2401
14077
7894
10055
12295
10719
16064
44
12463
18918
8052
6237
11671
15160
16052
17100
19378
16506
2563
14091
14343
7273
2841
16802
11708
10292
13644
9229
6678
8350
11385
17804
2938
11459
12831
1807
3912
15572
1463
6784
14997
8367
12622
1603
14914
7718
573
9764
4267
8508
611
15593
9460
3362
9321
15944
10100
12965
16136
18033
7986
11577
9309
14029
5837
3357
9416
13033
13864
15143
13531
1055
12321
1296
3190
9637
8162
6244
19260
3720
13912
342
16861
9404
6910
14677
3439
12210
17006
10451
13135
6480
872
8548
571
6528
11044
14932
7164
182
17802
7482
3113
15323
12037
19901
18179
71
7216
8322
4363
7215
8573
16230
3642
3536
7656
3334
3852
14628
10339
14004
15877
5865
16454
10909
15235
10112
19131
9471
1216
2830
2001
18766
16679
15179
2373
4498
1637
5761
18510
19659
3759
1622
9134
18522
18908
9126
3283
19571
4844
5350
8641
13005
1221
10606
16474
18429
18989
12715
11293
8384
12340
3678
3359
3298
16324
19338
12181
13529
3238
2689
19099
14087
949
1436
17103
7691
6238
437
16004
1755
16321
19656
11075
14958
11653
18247
13302
19006
13146
15397
9352
11208
6927
8550
9402
3505
19766
19641
10940
3562
18279
9961
16663
13567
15058
14281
14614
2335
14836
14858
18655
16371
3816
5948
17433
5494
15283
9458
9929
8659
14645
12342
15754
15604
16995
6397
18279
9936
352
1055
8751
9289
7682
9809
9509
8179
838
903
4426
19179
19532
12900
14700
18037
8485
5756
8129
8367
5847
8032
19975
11533
16049
10859
13571
17358
183
9294
18763
1270
7050
1669
16341
3528
17997
7588
6566
16133
8664
15174
9922
13071
781
18202
18224
9490
7111
13731
4202
5456
2704
887
7682
19899
5547
11384
6498
10381
19759
12441
10254
4309
4456
12700
5065
17220
1395
11781
7390
3761
4538
4093
15111
16984
4659
17526
13940
1595
12101
17653
7319
16769
10842
18069
7919
14153
6953
7476
18858
6709
4616
14163
2778
13978
12789
18489
6898
19434
15674
13994
2163
5521
10085
7779
4628
2018
2872
759
17184
13342
11488
18425
19770
432
868
12746
6179
2815
19704
5819
15596
16504
9268
15911
16983
13331
7894
16501
14444
17361
4257
8959
11689
3996
2557
19482
3730
17395
12748
915
13918
11844
8929
10075
4468
12703
9020
1211
18580
2532
18866
6224
2284
8050
13858
2260
4144
13542
1241
17327
930
16320
16193
14531
7400
9896
14830
5572
18302
10464
17243
14131
729
12342
3705
19757
4955
7960
17157
2885
11865
18071
15124
1623
5118
7761
4152
909
6159
13916
19924
4684
209
19752
6153
11692
11351
2050
15403
5547
14853
6700
4935
19670
4830
18198
10724
7748
5395
18709
12766
311
3402
2331
14795
18079
10918
172
11543
2685
15554
1877
6662
15411
6758
9225
14436
4549
16223
7420
8404
12028
516
9701
10028
19920
4057
902
519
7453
10579
15579
8955
19157
1185
16331
19814
14773
7133
7944
13046
1537
15478
12978
19802
19475
15680
4432
6965
333
5321
1086
13584
10763
3050
1189
12352
393
6872
69
19246
5398
5921
7325
4460
8218
3830
9216
7748
4018
1833
11862
11303
14540
19706
10896
13312
19966
2702
3188
15287
9401
12576
6258
6318
625
10839
1016
17359
9727
12361
3438
8688
1240
17461
828
3643
19413
584
18258
11783
11246
3713
10839
14581
1896
12635
7432
16788
13101
4177
1438
16576
5233
2544
14269
17607
13610
12891
7152
16130
19684
10238
6873
6252
7753
11865
1092
16487
7786
11312
8851
732
15017
2096
1909
16771
6927
9292
2513
15448
8219
17082
13248
13629
4438
10406
4575
14078
14839
18841
15698
5369
5154
838
14363
4970
10843
16423
11246
18604
11504
6508
14517
19036
7017
6928
235
17391
16087
15326
4192
10138
7789
19021
10811
14869
6745
1966
4761
17980
2561
18947
876
7405
4147
15124
18024
13500
9538
19049
12547
11229
11864
7291
16901
6757
12054
8779
19104
1581
18948
7011
8643
17328
7398
8219
4444
14344
15011
13656
10535
7191
8147
4094
15036
10190
17801
14683
18093
16123
15992
8284
4373
1222
13282
5402
5772
19584
8063
18848
9924
108
8212
11246
170
9111
15764
3531
2590
11726
15218
12532
5728
15212
16095
5788
8652
7306
10381
11725
2934
12747
15481
13292
4230
1069
3305
3212
19028
8829
6105
8953
2234
9364
19703
5557
11200
13209
14728
4434
11814
12314
16473
16273
2300
11167
4026
16166
10320
17956
9272
9090
9039
18904
6410
3864
7747
8879
12599
13712
2687
1432
10362
11542
3693
11365
12373
18091
2283
12965
19255
11030
16813
7031
11006
13187
334
19809
2687
7985
6767
6969
4988
237
1020
5752
308
10415
8680
8389
14960
521
10896
19957
18145
19687
89
13754
8295
7623
2096
7350
17436
4045
400
12424
14175
2202
8036
1512
15951
14629
2839
4800
11167
9255
11617
72
1826
3985
18907
8959
7306
17882
5926
2590
19889
7083
15331
9795
12671
3554
7443
10958
10486
4835
3519
10666
4459
12876
1742
12280
814
10107
1512
7527
4571
10855
1694
4272
8744
16238
8436
5573
9682
10664
18171
3147
19153
8052
11458
18382
13825
5907
3248
14007
12748
15375
5238
9555
3467
5389
5907
3736
7400
9053
3882
16854
5088
10374
240
16384
11966
19465
5393
18842
5255
14358
6153
11066
12621
17540
8628
4031
3208
5333
2565
2345
11686
18268
2749
2514
15930
10546
13116
3132
18954
6725
9174
110
15730
3774
4371
10065
15518
6581
16036
15003
321
15085
16516
11409
10104
11117
5130
16883
15395
3104
6568
17441
7891
16742
11369
8591
9703
9778
4077
13345
11849
19008
14737
10250
2636
17642
19324
14598
16555
11127
4744
5914
4297
9587
4032
4865
14535
4982
17373
12706
8085
11121
4562
16388
15080
14650
4540
12458
15769
15140
7622
12874
15581
2410
16044
5853
15068
9189
18465
14889
5355
7266
14021
9062
9729
5231
11595
7749
1974
15954
19894
12890
2105
11908
13971
11907
93
16468
13830
4414
8234
9314
709
15846
12774
14065
6694
11122
5413
6254
3282
11471
5322
9789
4498
7556
12284
11
10227
11998
1607
1481
5354
4452
1404
18615
350
12342
2895
7300
8932
381
4329
5605
8422
12013
19173
11731
18411
15887
9185
7297
3389
502
12983
14111
14928
10132
10757
2546
19073
5176
15742
19633
4539
34
13058
15016
17372
1663
16578
12872
17663
1907
4410
7944
3968
6749
3652
13793
1042
15602
5021
1405
16526
13763
17992
16272
2194
11152
7068
12078
5403
10471
19814
9107
6360
17903
7267
15510
6841
19465
7357
19538
5964
16165
11960
10886
8680
1056
8207
19260
2563
11347
14684
8291
8558
18661
3127
12938
1299
10598
6258
18475
4612
6697
2383
9224
17855
1949
17356
5122
18683
969
14574
14275
17905
15953
13584
19612
12017
11561
7961
7764
9071
9825
3061
18292
13474
18230
4291
1397
5372
14083
16499
2231
223
8292
5132
19930
4182
1690
19775
19501
10950
17016
10693
4686
15676
19693
19014
9928
11562
10513
11159
19565
4789
3365
18166
12368
13387
11125
10514
19565
5670
12841
9083
14465
3878
5320
2873
1797
8629
12267
14099
4922
9819
14079
1307
18998
19595
11434
1106
8265
13022
5789
19175
15547
12068
9921
11135
2107
18537
11630
3948
5984
11572
3733
18430
16918
15351
3470
3538
16021
12607
14448
3029
18284
9591
14253
5131
6063
8105
849
15843
11677
10231
890
6505
17218
11379
13072
16232
9722
7288
9651
19870
19816
10582
9244
2083
1960
2535
4054
8189
4423
15652
14622
12390
7110
12693
15255
14004
15360
17773
3235
2330
7846
5145
14942
772
6713
1323
2024
10845
8049
6130
10721
6687
853
8331
17485
712
12582
1451
4011
11009
9450
15425
4808
11132
9553
9678
10432
12895
16990
3291
19514
2800
15077
7850
2696
2723
6789
18622
11604
15485
550
9676
15997
5924
9509
8573
2191
18110
2405
16246
15905
19308
14172
7712
2646
11330
14384
19222
8753
19892
1681
17477
16236
2607
2302
16551
14527
6229
831
18126
2267
13790
1312
668
2261
12236
6824
13188
2722
1197
15670
19188
7924
13520
2286
6425
11403
8184
1004
8126
14812
6213
787
11274
5572
10234
9075
17584
16437
18288
12848
12806
91
12524
15046
9966
1921
13400
14463
2183
4064
15
7246
10675
3882
7206
18114
3599
19971
20
19437
11317
8830
16197
6283
13747
5322
17286
5577
5405
10052
19021
7473
13764
16783
1575
17090
16563
3008
10321
14717
13684
16826
7735
2626
19226
3217
7050
6601
9396
2867
8288
10333
11847
6651
7311
10774
12091
18906
18497
12615
2598
12623
1677
9966
10221
9668
13954
13406
7571
9180
17026
10502
3949
17245
651
17928
1487
992
12861
13320
12101
232
17562
4964
893
19745
10145
7486
11622
15374
11722
1618
19870
17025
12627
6209
9527
1703
5799
580
18230
19719
668
5355
7357
7180
18180
19896
2228
7897
17573
4465
18127
17832
15544
5234
17757
15206
8415
10272
15783
9398
17942
14642
16055
11760
11368
2712
17156
1467
16374
5824
11905
9533
1527
3443
16413
14117
2867
5898
14346
10244
7247
6860
12008
7060
13058
3663
9865
15755
18964
13610
6141
1277
1264
4369
18110
954
10521
6608
16706
3163
8065
6976
85
9153
13005
9555
1746
11167
382
3926
18860
9972
1067
7948
16407
4931
4055
3403
12769
19736
11754
12601
2388
16932
8920
14103
1118
4357
15835
5657
9900
6620
6386
12497
2383
4737
1631
9108
12112
17064
19518
12598
4915
4645
11343
15803
12109
14088
5610
18227
10146
1118
9878
2974
2342
7911
11265
17775
8288
17347
6182
8242
16587
17293
19974
1474
6539
18067
7059
8140
14390
16170
12193
1160
9783
7450
3509
19120
18025
2797
17922
12535
13798
9497
9553
1081
1946
11389
1782
19941
10953
10922
13556
3372
14742
6261
592
3619
8418
6550
2065
13316
13586
18469
13453
9476
18860
7203
16125
7222
11192
4949
4318
1352
3651
10092
117
3900
15267
10162
17076
15782
8571
11710
3083
681
461
10228
3127
19270
12008
3218
12554
11927
12828
19571
1465
8043
5664
8340
875
10052
6771
62
11246
10326
7757
3749
4038
9033
14496
12652
16879
11104
8724
1962
13009
10427
7970
11521
5593
19387
9424
16730
17554
11889
13373
713
17524
17977
11843
10925
2568
18185
18047
13277
8284
15733
2293
6935
16905
14708
9951
12910
4048
2336
7120
19553
14704
3494
9617
18098
9127
5558
905
11366
9218
1740
14600
8754
6048
11022
7165
10647
19140
2814
16432
15359
8130
4471
11561
11747
7436
19777
10075
10607
4564
16536
7594
17985
12668
11391
15875
3536
17992
9995
14816
7034
12825
10646
14014
16180
14582
9545
9529
18819
1650
15763
11462
2703
6610
14065
7986
5905
17470
3717
1435
11039
7533
11382
2101
6383
4521
6253
15344
7038
19575
15534
7645
19267
6778
8397
7244
1101
13795
6541
4952
2381
14283
9476
10799
17322
2674
12665
12123
12752
1974
6632
8725
5132
5188
15181
10727
9498
1011
837
14745
13436
4389
15638
4007
19221
2605
5408
8046
7253
17480
5627
7582
3895
14347
17026
228
6860
18398
19045
12646
11259
9038
9249
14759
9433
12884
6864
1678
7707
6009
8527
18929
13181
6072
14393
16642
13679
4960
12719
8299
3995
2557
1045
19687
1550
12279
12109
3661
4584
18981
2604
6357
16020
19878
12920
483
6114
9103
15986
11288
17011
16514
3332
10869
2354
1387
6512
6412
5048
11620
1995
18009
6314
9070
17667
11666
9158
11637
9046
3133
9383
12748
3367
18185
17256
8835
19624
4961
2973
15451
2729
4014
9034
2646
19887
11664
2659
10220
17331
2309
11361
13490
5527
5305
14819
186
10981
2036
16160
9106
2783
18805
5775
11150
11982
1179
809
3375
11962
5389
13433
16660
17897
12440
11030
7653
13450
536
1424
15585
2812
1445
6274
14598
16228
16442
15746
2201
7110
17444
7618
14495
8891
8965
3902
8763
9726
16517
8152
4088
13162
17081
16542
586
2921
17274
5872
7908
19903
14836
11605
3620
9543
9061
19069
12096
7640
15801
956
4534
2794
12662
4220
10738
3568
10023
19531
3286
8496
13501
16377
4691
7076
13481
16973
18210
9857
7349
12063
12906
15757
10036
11779
3588
14734
18520
14655
16263
13926
5885
7933
19727
5402
10583
2281
13898
3633
16515
14051
15545
10818
9557
18206
12024
18183
6157
5024
3640
1386
19621
3728
5271
18146
19735
6151
7875
6224
11312
13563
10503
9878
7325
19787
3451
12928
2228
13738
13155
6534
1102
14482
9489
9841
10238
1982
6053
11584
4800
16617
14106
10813
19176
10618
749
4827
15657
4551
11995
2473
17050
11950
11344
10911
18875
5256
14498
13989
6744
6155
10821
10342
14571
13464
12193
9338
9220
11676
19869
13008
17228
13301
9965
2069
19220
18110
8212
14185
7650
2431
14585
12569
13475
1599
8439
13063
17416
18698
14789
7829
11401
2721
2331
13753
5832
9263
13860
3710
8304
6882
19688
8805
9383
2247
14699
9709
1088
7204
9658
5229
3688
872
17408
16224
6451
9916
4567
13001
17953
99
9367
4316
11593
2249
16244
16088
1922
5771
7812
17982
17418
2820
4850
5956
5333
16255
14913
18915
14236
14526
209
17592
9870
6578
5351
3774
9966
19935
15630
8015
13614
15069
6401
3942
10842
19178
14244
17294
8002
12506
10501
7801
14613
10334
7822
12061
7270
13747
340
5492
16247
12327
8110
11533
10419
11876
6429
16182
6135
10312
10658
16019
15657
14844
17184
17827
793
3570
11141
17941
7357
4608
1501
19444
6066
15894
14193
15349
15512
18771
3835
15871
12830
8483
14736
7936
7684
14723
11778
5034
5198
15330
11803
15553
13459
16285
16137
7713
1217
1116
14869
19227
1400
2844
3514
9809
6079
1596
2681
4672
8501
998
1381
7107
17818
6495
14582
8309
2139
18696
15660
12543
5517
4896
14343
5783
14526
1876
802
5969
8
13127
6489
2971
9666
13606
2363
6421
17078
5158
5126
9506
2804
15729
12082
6880
13169
5490
15271
14787
12381
13000
15464
11544
13584
4541
6683
6498
4488
19726
11849
15587
13189
16542
184
11622
9816
8910
6999
7428
9616
19926
6492
19956
13113
3885
18173
13498
8965
217
17550
10129
15135
12464
11702
5502
4012
15423
10350
18115
7099
3574
13072
10186
4903
3926
3265
8250
17637
6398
9498
1606
2369
14869
4873
6749
12247
12015
5008
15889
3416
1054
15291
17717
5250
17543
8012
8500
19540
14325
19998
1672
4241
12778
11389
14009
7423
3465
16165
16551
7039
9336
5060
8354
2138
14582
11482
1236
11147
12290
1069
13611
2853
14001
15491
1561
15699
14314
11157
5254
11033
13654
3405
18834
15916
12324
16844
1924
1142
18975
12444
847
10059
6616
12009
17697
3851
19285
10663
15396
18881
2508
17961
16843
1735
683
18272
6295
17580
14483
11023
11098
17479
1442
1474
11892
256
12822
2608
19425
14582
9894
18788
6083
16858
12755
11797
10283
10559
4822
19878
1831
2641
6094
10419
6391
2644
18353
16881
17178
118
15378
625
11995
5993
1346
8234
3761
13516
10508
4972
2629
4388
11283
15005
17833
15722
7895
8998
17388
13440
2663
9721
13769
7745
12095
16296
13687
16290
19885
17690
92
10662
19953
16100
4531
11815
12648
10838
17981
10074
7241
3358
18279
15331
13834
14031
2289
13062
17801
11312
909
11794
19903
3906
5062
17634
15183
16575
785
1504
13782
196
1547
14683
16788
16709
15920
18308
10256
9564
18716
2437
10508
308
3745
306
3858
1924
6277
13415
13866
9564
13373
13049
19261
19274
10188
13877
15656
15362
366
5245
4168
17022
8678
15782
87
4842
3996
16962
4701
17816
10758
1233
13418
1490
7018
334
3294
17870
17240
19440
13105
17706
17929
12756
19083
5792
4249
16166
19437
19889
15736
2595
10795
13915
9241
15681
9678
6011
17224
7392
2142
2122
19520
15218
14708
15700
6717
4559
9706
14177
3250
11926
18162
12811
8350
14592
13338
6549
2972
2317
18074
511
826
16764
9039
9745
11623
14230
11016
8854
14689
17335
4360
2135
11044
11272
18736
14856
12087
10254
16283
16280
13004
9782
17302
15081
9036
10359
11620
17762
2712
8275
8741
10712
190
19083
9901
16512
4830
9402
15181
5132
6103
2657
8761
10634
11993
14400
15489
14003
2992
2813
11836
2740
15823
10044
4416
7840
15012
19983
19150
8772
444
8105
14233
7096
9011
9012
7
19335
18497
17296
18874
9734
11803
7348
8381
13522
9659
7731
577
11308
9930
15756
807
5240
1653
7875
19023
17539
11927
11518
16773
2045
13771
14000
2976
9396
13094
14131
1608
16464
2883
12135
4428
673
2751
3520
11874
9827
11955
12520
15236
8066
14015
10730
3257
8590
1066
16560
6261
13752
16056
1138
957
13171
922
16279
9015
467
8868
10151
12579
19269
8871
6268
19795
19086
535
11413
3523
11702
7423
8147
6325
8696
6993
17504
14875
10725
5257
7510
16901
9181
14297
13146
3797
10865
748
3381
12026
6293
3391
904
6422
12248
7971
10169
18554
9236
17366
19393
3235
4426
5226
12118
6330
743
11230
13975
6974
2704
6049
10262
7331
19649
4176
19969
13015
16970
12727
1877
17304
15977
14342
18348
12262
13024
12316
12436
19910
18511
16080
3947
6543
6402
15157
62
13362
14874
19722
6163
6494
8712
15887
12475
19569
4108
13841
2157
11954
6451
16962
16457
15773
1753
10027
2565
14852
12342
14665
19794
8691
17423
10140
9690
4604
9160
7628
5733
11155
4883
16084
8212
15997
6058
7843
19938
1257
4632
2068
8390
19582
7397
14180
9939
3981
18977
9377
1765
14567
14075
8401
17089
15351
19610
3633
9362
4200
17351
13680
1012
9071
7691
14560
2394
13672
5178
15612
16560
5660
6423
18256
15467
10497
1027
5733
3266
4100
6130
1948
12279
7406
15220
7534
7297
15971
1835
11271
3826
7739
8754
4979
15903
2094
3340
21
19105
13334
9629
13517
4378
11672
17804
2428
8316
14917
1680
13600
15505
3929
4817
7920
18566
4997
5900
6697
11515
12253
3985
18390
2073
13252
14272
13815
18537
10835
15000
7956
16865
4418
16098
16503
3553
3808
10226
5234
19988
18687
16821
382
3849
16891
19773
18099
13209
14592
9360
1150
8968
11528
9073
952
1215
14396
17935
13101
15169
1529
8965
4486
2318
11990
14394
142
12371
12209
18265
7950
11661
3277
7043
9308
3613
2032
18851
13916
16916
19064
1974
6775
17005
6749
3237
5545
6493
455
16894
16379
10178
6036
14653
6353
10237
16739
7450
630
7244
12644
19620
2473
12635
5781
6060
4230
8243
4027
13035
7425
18520
16916
13239
81
11097
16494
15740
9380
11271
16335
1429
17814
6069
1843
4608
925
3516
14976
11328
14789
2707
6502
15117
11329
339
18920
713
9625
9303
13173
16429
1309
14979
2274
5776
18204
4845
4969
18968
295
17037
2568
14943
12194
3472
12059
14500
6196
13175
18642
15211
64
11421
801
8706
7667
322
11037
10969
10595
16487
5392
6267
8872
11376
4888
15332
18899
9973
2002
8436
16750
13407
15312
13964
14937
1142
5419
3122
10784
18361
15298
1409
14527
4173
8182
7462
15262
6263
6103
9919
12869
17613
2233
2903
14045
918
10135
10780
554
16327
3049
2781
7834
18119
6349
8145
2081
15959
16283
12394
13932
6344
8135
5356
16875
9874
6913
1586
8512
19963
3713
3776
2800
18622
10869
9821
11384
4940
19015
14117
2175
11883
9186
3765
13257
17038
3085
265
10292
2927
4639
7358
5508
12519
15965
15613
6428
15560
883
4401
12443
11348
19085
11884
7363
3582
4097
13625
6070
12899
8154
464
3396
2739
7119
16275
3358
4153
8555
6227
16859
15177
16095
16185
6005
407
13227
13863
3133
6391
19611
12360
2704
18472
3065
6708
14163
14686
339
4048
13908
2377
9805
18070
4477
13119
9177
8325
19097
1578
1413
15060
19698
3964
1887
10168
6541
1653
9984
14916
7560
5656
18238
5036
5568
7508
2123
13837
11426
12250
3646
13946
1329
19084
11841
8305
6301
5370
13314
11053
12062
19553
15944
8915
17349
18666
18875
3727
8860
16028
11925
6708
908
14763
17530
5131
17936
12762
18353
11989
8006
14717
3688
19300
5388
16852
17765
5667
10378
19968
3109
18721
4464
16442
2054
3074
8977
6790
9545
14404
5329
11428
363
10296
4996
13250
3879
18469
7332
16658
9475
13004
13379
18655
15763
19217
13766
17638
6702
17778
18839
15510
7766
8716
9141
18733
5275
5937
14371
13965
2007
2869
18943
3872
12237
19867
2271
18777
9301
14000
11905
9748
8834
1848
17649
18756
795
15929
4770
11526
13403
5386
14445
8719
2114
1552
9554
1042
6764
19034
13948
3946
9997
12916
3319
17507
110
2729
15804
7132
11438
3800
431
10710
5400
16612
11542
7837
5332
14792
7328
16725
8245
2361
580
14446
6608
866
19791
6108
3304
17018
8746
18613
12873
11464
2700
4603
12171
19317
9292
12223
13558
3069
12307
6346
3766
8511
6412
16841
1546
4286
998
19567
17228
15702
1252
5662
7325
13421
4563
4794
7302
7667
431
17970
15624
8556
11954
5555
12233
3191
7056
6089
4550
10132
17558
11580
4153
1886
14235
14835
7235
16019
15961
14509
1978
5530
1094
13468
15972
9105
19207
16090
6790
11885
11293
149
8857
17363
16575
8884
19734
1034
14042
18891
18932
6439
16836
9466
2407
14203
7615
9011
5822
4723
13020
4136
19747
5092
5366
7086
9876
929
9686
7110
5425
3700
4247
1402
8810
14177
12681
11235
9738
12659
15821
18913
16847
16565
1412
11181
9995
16054
19778
4687
6355
8252
3608
19155
3409
761
19952
13865
11991
5033
12585
13094
2490
10265
2834
16112
17341
18418
7014
17379
12934
10997
18591
12568
4059
8212
13187
16026
14014
11153
4578
5306
3506
7590
9779
18398
1467
12033
11360
19280
10898
679
15116
17407
12892
11859
11217
16782
1938
12630
16944
212
15635
2109
9170
4391
11960
12203
4686
11428
17182
16343
16492
12433
17574
6843
4215
8825
18046
11531
6724
6927
799
10253
15118
11536
7163
1885
14188
14041
15709
2480
10463
753
19780
5179
15008
17045
17569
2490
19056
12938
17845
1587
10623
5763
14482
13241
10221
5517
12897
5002
13802
18532
1525
19270
1052
15096
11460
6871
17160
16645
17389
16765
6188
8149
2932
12518
4173
11313
3525
16146
10074
4233
9972
9977
2698
3113
5777
17141
1728
11684
1396
11317
980
13943
18528
16366
12004
15827
7566
6470
6175
11475
11341
7402
13365
19670
18279
9559
5364
6109
18096
13373
2139
17115
3158
17730
9069
424
8631
12026
3291
18658
14545
2474
17264
11133
2889
13305
17687
9593
12887
13461
7897
3534
7549
9435
11860
712
14635
14863
7902
18468
15173
17496
10275
11512
2623
14186
6714
11764
5845
14500
10091
5898
18968
3595
12290
6200
11311
4974
18438
383
457
13747
9617
15953
1622
1034
12168
4794
16438
113
1731
3550
14272
14964
130
15474
9211
1810
13237
9325
5838
4296
7935
985
16918
12927
16316
13370
6124
9385
5218
311
18932
6357
19248
9987
14798
3492
15405
13563
3753
10120
17424
14644
536
15353
7981
5178
19393
16194
6863
3426
2660
4270
13252
19628
6269
1842
226
4990
15281
7678
19614
9617
12594
3443
5332
5015
13935
1227
13315
16788
12267
2817
6177
3158
4731
11364
726
4927
5262
6053
6446
2508
15984
404
13098
5660
523
14838
15528
11534
12361
4113
13838
16665
1351
10286
17034
18542
11520
1786
8267
12367
13293
9266
19812
18631
3248
18821
15889
7146
14539
13228
11464
13138
11107
1803
5154
11040
8807
9535
14356
1600
16570
6080
10727
17944
734
5286
4142
6199
5662
15835
13253
6318
13771
13649
10774
8722
18105
16675
1620
12388
10569
12685
2018
10
18953
701
17725
15849
15870
16681
9470
1912
12735
4089
3744
18068
1902
19972
17074
1740
98
17169
11893
12788
16264
13276
12136
19218
16942
7001
16693
9330
12320
12515
18837
5940
16068
12452
9742
8297
2089
149
14252
17319
11311
11780
16974
9777
11636
19000
6868
17045
4186
2707
18427
14047
18960
18583
17591
14030
13027
14998
10508
14772
14388
13934
3272
11871
4626
15539
10762
4715
3465
16935
2713
10795
8377
5916
5131
13935
12343
145
5190
2118
12913
12494
17726
490
15672
13129
1464
15194
5250
8993
3090
13643
6993
11282
17302
16869
12425
11567
964
9563
11625
17161
9485
3437
5637
6382
13550
19531
2057
14313
4329
5090
6890
9697
5282
10638
15840
13598
18700
2871
18130
435
5087
18993
15979
12026
3529
18129
12887
5268
11153
15424
13817
4075
9827
14471
10421
16194
18194
3680
14433
5530
17200
12216
12351
611
7214
11138
4527
9800
4869
15348
1806
3899
17775
12000
2816
16755
5181
10966
5062
4499
2762
3004
12920
14049
19623
1244
15682
1487
5649
11620
18754
10951
17345
7876
1157
14654
264
16757
2421
4670
16169
9035
12046
17087
13051
1965
4599
19186
6109
8824
13620
242
7845
1138
7433
16579
15382
19230
19999
11525
13129
16716
19928
853
18927
14574
10792
4372
11800
10394
5836
14266
9421
18469
10242
823
13442
6315
14047
6161
10792
3270
8861
6601
9084
6782
11484
14288
14238
2027
7577
18696
8468
458
18487
18641
16737
12940
4368
5432
19816
3068
6709
7775
2071
16310
3409
19056
12096
10602
19506
17643
4333
3995
6706
810
19783
5021
14822
2923
13949
1359
8244
18511
10129
12459
10588
841
6189
1729
10620
16628
12931
13923
12606
7504
12189
13346
4190
18863
12787
8501
4944
6725
12458
18818
8705
3224
3873
9062
2824
11356
12899
7076
17455
9610
7201
10458
8013
17109
3325
17822
3909
19881
10386
10232
6714
8889
18473
18486
10851
10444
9916
1817
9957
19623
1520
13681
2029
17326
15911
238
16490
1584
10098
7150
16290
13754
19393
321
18168
10221
4809
16222
4218
232
2051
7390
7845
489
245
18768
7284
7123
8506
474
9764
15676
18497
12651
19477
9720
1076
8008
12447
8728
5178
7679
11450
15831
17043
16036
4088
16081
7930
10060
17160
5853
8418
8917
10441
3990
17449
19352
3005
5351
4207
2525
15210
7352
10992
17921
19471
10140
15175
9954
2946
1037
18398
12889
15267
3854
1114
19717
4429
3719
10605
10591
13968
8035
607
6459
4562
14200
10657
3525
13157
4704
3293
14147
12766
239
7231
9808
6059
11440
4638
11783
15863
19881
10644
5127
5694
8961
3191
1605
13472
15286
11372
7194
11505
1199
358
19785
15899
19054
1066
12696
18505
7881
2665
9640
4524
13055
16067
6754
8915
9603
6521
7330
14698
19759
3422
4867
6311
5414
5488
62
1126
6062
9397
7375
12254
2888
42
16792
5764
19612
10497
6404
5440
707
9845
11433
8207
17641
6979
5327
3336
3735
8504
18553
18578
8293
18867
10708
6321
10601
839
1578
12922
4449
4471
16763
4327
13772
2651
13500
11096
10057
1396
2309
5981
12133
2985
10077
17156
18962
10068
219
10244
16069
8893
15533
2253
6229
19739
19373
553
5035
12709
768
10018
11976
17007
19113
1458
17643
1803
14055
4459
17701
16835
16197
17768
14234
10856
4248
344
15109
16062
4247
16188
11959
16619
16480
16100
7439
9419
5711
9462
12353
15183
371
9196
3296
8047
16306
3008
1422
1742
10727
14040
2977
510
1979
4068
2211
12861
748
2364
17297
16314
8355
13341
19887
11238
7726
6119
18920
11918
2695
19126
19319
12974
11251
2863
6188
19255
8345
13963
15151
17336
3912
3653
19444
16742
11691
13773
14387
19022
14505
3436
9867
2800
1609
19500
11460
2930
3729
13937
795
11869
1425
1250
15819
1418
12397
19052
1554
12921
13362
4932
12001
14077
2130
12739
13789
10477
15494
1399
12214
9990
8569
19405
10287
8125
11202
18088
1410
12500
7073
16804
6311
14531
11124
13163
14866
6478
10923
1419
3424
11960
7610
12151
8265
8084
2026
16357
5819
7287
1675
7087
267
17038
14118
1741
9145
5514
2450
18154
7592
11380
8465
7597
1839
5788
19140
17819
12599
4739
2070
9247
18951
19913
5470
17481
3362
6100
8372
5199
8470
13368
16644
16606
6245
2066
10453
17538
10159
8821
18797
14369
10989
1625
6738
14816
6878
12148
10947
3797
8280
3415
9200
17443
8412
944
19446
8406
19835
5494
14062
5577
7801
15541
4938
1344
975
17599
5001
9516
10168
12524
1810
7032
15706
15915
8851
2588
14048
746
10143
5301
4296
342
3804
16539
5211
19843
169
18038
3354
14258
118
19430
2997
1252
9219
18321
18406
6785
13314
16020
19140
11724
11182
2066
8976
17557
9886
10663
9097
19339
18454
2161
6161
3982
5495
12693
15876
2026
16393
5110
2713
11011
15684
4321
6367
18574
10271
10177
15613
3400
19069
11020
163
2150
4728
11018
1153
481
13050
14417
10896
16313
15726
19830
2511
13422
2014
7687
62
13533
14998
13985
9830
4995
18032
13439
3346
16202
7006
5179
12798
11843
14067
4109
9455
153
18393
11062
5722
9243
9679
4852
11445
675
19933
9386
5110
18374
9224
18928
10546
1027
989
14647
19751
16080
12555
15597
12493
3456
16461
17218
13284
7138
18235
509
16356
2712
6243
4994
19286
19023
19229
8593
15863
2059
7176
7537
8846
19174
11113
19448
13230
11800
17496
2707
10643
14758
12777
15234
5494
10286
13796
5810
3522
14935
19625
1064
3332
7428
471
1239
1579
15628
9283
7891
2398
10725
11675
16608
11731
6785
19797
17904
7145
13768
5774
19399
3800
2146
340
12413
7157
7259
12298
16099
13088
11507
14414
2242
5974
12530
11395
13844
15455
15487
15550
623
2423
17556
5782
4556
14902
2794
15516
18579
4443
15468
5203
11584
3641
9990
5018
2822
15417
5574
3378
18850
14681
3755
6903
16141
12997
16871
7455
2482
6898
5657
1861
289
434
14061
19968
4958
2623
19412
6632
1380
10403
6067
13287
11749
17712
655
4704
17776
1335
17051
16571
10455
4126
9202
9519
10477
6243
19927
15220
12449
5013
3817
177
16015
14053
12373
2834
17019
2281
19477
9636
1839
3426
15355
5657
18001
16679
7137
5419
4212
9093
14138
19539
12930
375
15999
2814
8598
677
1800
19383
14671
2032
18274
10579
12552
14028
5251
1102
5568
4389
16449
9142
11113
15043
13747
16067
14078
14338
13053
1309
4694
16002
9905
18068
13917
5501
2920
15465
9471
4391
3219
2761
5694
13310
7959
1274
10276
4230
6080
19620
1059
2584
14418
17888
15985
9907
12282
16398
9340
7607
12645
14644
17411
12497
18047
16070
6682
4706
19363
4273
7693
18599
5537
6295
7691
17331
2427
8598
5188
1658
8868
1363
19572
13630
8093
16739
18862
5795
2626
16653
18772
16530
10783
15820
16176
2137
12889
15580
10118
6314
5355
14166
13483
17643
10730
9054
8460
15699
1858
17006
8915
16431
8248
7430
2810
17413
2812
14686
17776
13611
17070
4963
2984
4276
2959
3357
10427
1606
9373
16759
8740
1776
11542
18193
12685
8988
1402
8229
1424
13147
17059
19084
8707
11799
19480
17044
18102
16948
14537
8840
6384
17383
8527
7584
8212
17140
15293
3902
5228
715
3074
17894
12692
5667
19202
17535
6769
13225
779
19139
5630
17530
9460
15537
7440
4132
18447
7553
18404
18370
9855
4443
13968
14264
10538
8894
6315
4539
4526
12223
1268
2397
10185
15396
17737
15687
231
1490
12831
4071
12715
15226
5752
19831
11117
15200
3615
2928
1659
14432
2292
10943
5978
14858
5436
14535
17267
11398
14780
19018
18026
11217
14860
2712
7530
3801
5270
12660
17156
7486
3589
8366
1687
8057
12088
14156
4710
15030
11358
10809
6248
11278
13973
7055
10742
1574
1321
1595
3506
15727
16717
16247
13788
11905
17942
10846
12554
15770
2306
539
3126
1076
7388
6075
12797
7323
560
17737
3545
112
420
3522
9974
9816
3274
2219
2610
14206
17778
11976
4669
636
861
15018
429
13431
18077
9107
3328
2089
1487
6397
1914
15936
8199
10290
11773
844
12716
10928
11553
3650
16177
9939
11221
19894
5651
15071
10669
10493
6590
15330
16796
3005
1572
17251
17192
3066
18456
12930
18548
11669
1078
435
7921
13866
5616
7227
4967
14560
15729
17214
3288
6982
19629
12058
8996
9485
2181
7376
14630
16299
